MFCC_1,MFCC_2,MFCC_3,MFCC_4,MFCC_5,MFCC_6,MFCC_7,MFCC_8,MFCC_9,MFCC_10,MFCC_11,MFCC_12,MFCC_13,MFCC_14,MFCC_15,MFCC_16,de_MFCC_1,de_MFCC_2,de_MFCC_3,de_MFCC_4,de_MFCC_5,de_MFCC_6,de_MFCC_7,de_MFCC_8,de_MFCC_9,de_MFCC_10,de_MFCC_11,de_MFCC_12,de_MFCC_13,de_MFCC_14,de_MFCC_15,de_MFCC_16,Centroid,Spread,Energy,Flatness,Slope,Pitch,Inharmonicity,Tristimulus1,Tristimulus2,Tristimulus3,Harmonic Energy,Noise Energy,Noisiness
-701.0566098599924,73.50398754018929,27.526589436820117,14.242213521006946,17.94237792906746,8.294233317152772,-3.0921888036565592,2.7069633082719826,11.128996230074492,4.319729019094861,-2.1897504643868,-0.45203598868942785,0.34217734731066174,-2.209097858395742,3.7045319645604655,8.88058695011953,0.5428292464653364,0.938068655783727,0.02259638474075487,-1.0106832747509598,-0.8687964004266093,0.36674751047856907,1.0824367324970567,0.8659486875979349,0.7877603129490048,0.7560341130205044,0.22798830643273388,-0.21020834095848598,-0.22018760708290752,0.1580301626053993,0.16445150335534992,-0.5485366657140034,1756.3713338991572,0.26605371627477553,0.00032891426235437393,0.024560654535889626,-6.314854189804019e-07,33.63452911376953,0.24256059527397156,0.04123967885971069,0.19861213862895966,0.7601481676101685,0.33472835138060486,0.3311469046809491,0.4973107224911473
-693.5409386161257,76.78144241416712,25.779471552675602,23.37914624834604,28.874515880945943,9.792305703884153,-10.491765746873273,-9.98652425961615,-1.3612207381466825,-1.7072294699151205,3.95222053131148,6.723031218644687,2.0634280242912286,-7.3332280646246915,-16.02885164271263,-11.565738670692827,0.5428292464653364,0.938068655783727,0.02259638474075487,-1.0106832747509598,-0.8687964004266093,0.36674751047856907,1.0824367324970567,0.8659486875979349,0.7877603129490048,0.7560341130205044,0.22798830643273388,-0.21020834095848598,-0.22018760708290752,0.1580301626053993,0.16445150335534992,-0.5485366657140034,1680.6123306237473,0.2720004889499966,0.00019952375441789627,0.037312645465135574,-5.950357084949136e-07,67.04301452636719,0.074385866522789,0.2844833433628082,0.24344399571418762,0.47207263112068176,0.17420603826321485,0.3968922893735039,0.6949631441154753
-705.6943928790505,70.38214381644579,24.93647997923756,14.680183682396052,18.263861577228425,10.117894581651694,-6.87900060876318,-4.079593122369309,9.334236152757015,6.7542052142932665,-3.206808545641206,-6.835267545685131,-6.186013579185781,-1.3467616171023902,1.3410779284016323,-0.15574122206946506,0.5428292464653364,0.938068655783727,0.02259638474075487,-1.0106832747509598,-0.8687964004266093,0.36674751047856907,1.0824367324970567,0.8659486875979349,0.7877603129490048,0.7560341130205044,0.22798830643273388,-0.21020834095848598,-0.22018760708290752,0.1580301626053993,0.16445150335534992,-0.5485366657140034,1924.4945513239754,0.27024194385284506,0.0002044709399342537,0.06537152826786041,-5.320398607200152e-07,24.32805633544922,0.11703488975763321,0.0,0.3339076638221741,0.6660923957824707,0.2222127404004124,0.3934854779452297,0.6390882192293984
-695.4746305085923,77.8993907000418,23.852348542530784,15.617983980656344,20.936951266695324,6.937935383515948,-13.251588614114153,-10.756663097678832,2.1699359203719486,-0.10956807842558863,-0.5549349270985724,4.247664899490484,3.0815016819470777,4.209329126032347,2.32114157277912,-1.6894265448887025,0.5428292464653364,0.938068655783727,0.02259638474075487,-1.0106832747509598,-0.8687964004266093,0.36674751047856907,1.0824367324970567,0.8659486875979349,0.7877603129490048,0.7560341130205044,0.22798830643273388,-0.21020834095848598,-0.22018760708290752,0.1580301626053993,0.16445150335534992,-0.5485366657140034,1765.1316288751939,0.2664017987407326,0.00022949185222387314,0.046352360397577286,-5.43877493674109e-07,24.324594497680664,0.11225052177906036,0.0,0.492090106010437,0.5079098343849182,0.20308436129954743,0.42178635622593474,0.674997794577779
-701.9671744145849,71.06550881193203,19.210610818781376,5.340521652089766,12.36701943993707,0.45831640579023736,-12.943689913848505,-11.736965059676578,2.5773636098422394,6.067278282559678,-1.103102098473613,-5.728550156975544,-6.556147384884266,-4.246187658210357,8.16370638359381,8.945837309376465,0.5428292464653668,0.9380686557837264,0.02259638474075517,-1.0106832747509615,-0.8687964004266117,0.3667475104785691,1.082436732497058,0.8659486875979368,0.7877603129490055,0.7560341130205048,0.2279883064327342,-0.21020834095848587,-0.22018760708290733,0.1580301626053995,0.16445150335535041,-0.5485366657140027,2010.9300542021324,0.27908008097387077,0.00022561755031347275,0.06710740178823471,-5.629245424243505e-07,29.340852737426758,0.09658326208591461,0.0,0.24584455788135529,0.7541555166244507,0.14966863644043948,0.5250266765363977,0.7781685546619801
-705.019936494036,68.31013655131613,24.683247189842376,23.564020209503013,32.08039032578895,18.095693873849207,-1.6543415259486296,-2.3475349421882057,5.416428111649944,-1.1590572601732791,-4.166278668734577,-1.1615316639807385,-3.9387264820464267,-8.112577601652163,-7.084985590403656,-4.140076280477158,0.6931605306262733,0.9064933697474843,0.10267322792767698,-0.9416592513354056,-0.9100794731770006,0.5355442362021715,1.8113836189991337,1.3844597157505176,0.8546474674156552,0.7323898186239285,0.18466091856064182,-0.4047469596142085,-0.34046796069715923,-0.23177684784948085,-0.22253222807763914,-0.43545653174354576,1815.6244821795553,0.2768032839557456,0.00020945537835359573,0.04329565167427063,-5.811268935173569e-07,64.3774185180664,0.10331066697835922,0.2068401575088501,0.30796951055526733,0.48519039154052734,0.18518070970068462,0.5033705970238638,0.7310575001569706
-698.744393159477,75.0500208032515,24.121727735232138,12.26113725346301,19.61046022211631,12.75847475002793,1.4543242207878668,5.404810702236881,11.152240633411072,2.4656673406541603,-6.122519704142467,-7.812633533660444,-7.636905153991808,-6.858364500539533,-4.942078553880634,-5.588399888369559,1.7589356687986586,1.3970744334431289,0.3287946582209174,-0.3120447462287619,-0.3459151335930751,0.6272010115855826,1.9039808582258455,0.9329239708302138,-0.09890472163983732,-0.1428685937997316,0.41679942471604187,0.06547478387479783,-0.3832407685137487,-1.0568618822142255,-1.515270091755607,-1.4843052947565656,1849.7059595450994,0.27391451556074303,0.00029411260038614273,0.05031043663620949,-6.154556397119102e-07,29.297632217407227,0.1356631964445114,0.0268111489713192,0.23606179654598236,0.7371270656585693,0.32082480114821127,0.43225979882355997,0.573985710024827
-697.1767273316855,79.44494297918241,27.171802073323953,15.181598575970352,18.756971080503824,7.581122162380833,-4.068560391738864,1.6116188577518253,12.107873951265656,7.443855994342426,-2.099617969738095,0.6123187453922028,1.9436030519973413,-1.3714259912020306,0.007082712949633696,1.277422518850934,1.0591452614965828,0.546163707320057,-0.3664257179259668,-0.18299342996578527,0.3924889445864684,1.236156879815999,1.7857083998712107,0.6205113197190134,-0.5940872287570362,-0.21640535943995404,0.6340060591119898,0.2925832934194895,-0.4227785110037824,-0.949935176084723,-1.3905745111620242,-1.471116188818125,1737.808212572903,0.2728906838901295,0.0002579502761363983,0.047635748982429504,-5.365243468556674e-07,24.321470260620117,0.08122359216213226,0.0,0.0,1.0,0.29542501270279636,0.4503082484056021,0.603846270362542
-691.2760029897679,85.64076699696227,27.020938777619996,4.453139311279145,9.039431435782532,11.344103923687365,1.2609839806315946,0.1531023330392951,11.122954619103789,11.203567848465749,8.129644522551025,2.81885538672811,-0.39026520131114195,1.5262811492579533,-0.36253621991914786,-5.6508421607011705,1.37304366683791,0.8331470596319848,-0.4333212769097329,-0.17045085702016288,0.09357678892844308,0.5468132254581365,0.27283460072813165,-0.6532083249601418,-1.2730988494130375,-0.7374357111335255,0.3939815692576864,0.745737147631064,0.27718302833610275,-0.30282090452505445,-0.8134511594763895,-0.7596270002372465,1657.4569013015812,0.26578257468553307,0.00030705519020557404,0.039714474231004715,-5.961186862014285e-07,24.278352737426758,0.21802569925785065,0.011040665209293365,0.09071900695562363,0.8982402682304382,0.33220586967310717,0.4569460968987007,0.5790343511196477
-693.911969975924,77.16597143759185,22.868719878294655,15.412579558652325,21.420776286926298,13.509179264898105,2.382982451220906,-2.863735033108541,3.0042641519889974,3.0652865329068133,0.24699043131390652,-4.250071453658003,-6.551263912320384,-9.521241087937678,-13.655648788353277,-11.826126175305545,1.7479468501150839,0.9098745004197518,-0.9496590165193741,-0.597128050653468,-0.43291416758040113,-0.9224207031585439,-1.2496619704661,-1.5733673884386314,-1.7377599847701903,-0.7112516687046199,0.20030992803131567,0.4136792925009307,0.29590618229161714,0.3578190253507547,0.41217418585994753,0.008923967670815061,1747.9259849632704,0.26824557417264394,0.00035012513399124146,0.040882498025894165,-5.723883945404014e-07,29.293764114379883,0.09534314274787903,0.0,0.25680962204933167,0.7431904077529907,0.3866637542609313,0.4154515668984315,0.5179449337757885
-687.788741249568,81.8169940654485,26.078818650438713,12.692862384256117,17.706914621557623,11.783226013317343,3.456001734830709,-2.94025175468677,1.2792621899119625,-2.4888377477839714,-2.6892996789713806,-4.197008896896863,-9.26357438648892,-11.47328449618494,-6.9152764511650116,-8.873830885398512,1.0595056949218198,0.3676111251688589,-0.48828925336418394,0.4996770633499131,0.2108503339822692,-1.0062894244236789,-1.693711429107957,-1.811918327956988,-1.5900083355788042,-0.505792474739896,-0.2739703284838292,0.023721589354034733,0.23846310743994387,0.16555530364144044,0.31604882602682505,-0.15726790128951942,1673.63104516553,0.26013024364249776,0.00032455846667289734,0.030016355216503143,-5.836435135232262e-07,29.32967185974121,0.07016312330961227,0.0,0.38865259289741516,0.6113473773002625,0.3458178110070092,0.46100025702048714,0.5713806808361861
-697.6423572613895,70.95262837813976,13.387267795075177,13.386546793016116,30.79192826529171,19.633456386171293,-0.7360582811011155,-6.475501142876424,-4.554392962628589,-1.2352084707601052,4.375128538256983,6.374156020465309,-1.7349970049393533,-6.011205556064169,-5.087792953097683,-6.53278271558224,0.6509299555286863,-0.0813562415440169,-0.5626834886354241,0.2565976506498106,-0.16415392015185615,-1.3207450547775366,-1.8387256721268395,-1.2057544635022248,-0.4361484256330261,-0.08853507781117864,-0.4940624859891681,-0.17822687284523037,0.16110376840385135,-0.060937551158001244,-0.1746640822778362,-0.32336275979687323,1769.2945857779705,0.2590973054953777,0.00027248263359069824,0.04130939394235611,-6.258618653714583e-07,29.290237426757812,0.3318055272102356,0.026841076090931892,0.328801691532135,0.6443572640419006,0.3653679854171913,0.35298761064832995,0.49138283683132045
-693.198719130396,78.76710209059323,21.280001302364823,10.143256048085451,15.022839317910371,6.512802996146695,-12.153607804323531,-13.14774558238562,-1.8286116540756971,-1.3652490669251116,-3.9026960777005333,-0.7864734744633618,-1.1141477103450421,-6.019616488270552,-1.133673662563592,4.26456480420018,0.07395639412640717,-0.16406782937369688,-0.31810970449214415,0.26408382048834084,-0.2550874003055808,-2.095870579551474,-2.831534607996941,-1.3997809185877095,-0.27029627801255585,0.08175370154229807,-0.6438993818238579,0.14600313000531656,0.740089346987517,0.3444395113287243,0.2423612757814904,0.5591999897727131,1796.770061038842,0.257453449583209,0.0002765953540802002,0.050953034311532974,-6.142182410346498e-07,29.21296501159668,0.3233324885368347,0.026075033470988274,0.234837606549263,0.7390874028205872,0.3873987980391928,0.2987286858055643,0.4353836463912215
-683.5989897343185,84.37254362550588,19.697453937621965,15.033105476967041,20.84304410139967,2.807689507579253,-12.40832755797523,-7.21673003305515,-0.12227588004274492,-1.1920113534444226,-3.3591346717132318,-1.3529148874949022,-0.33457450564445285,2.195427963199214,0.42694641984289794,-6.685090486451314,0.22596956439997923,0.3489712321497015,-0.14175689274112424,-0.32410299637888307,-0.719491895578785,-1.4569987294913784,-2.068422694768408,-1.0408856316227342,0.14737238344199466,0.47059741652676346,-0.16002778688294614,0.3698576523657999,0.8811016955023888,1.0830888430319034,0.9277354880105604,0.4543210304503486,1567.0432365174445,0.25338630943545404,0.00034141913056373596,0.03445085510611534,-6.236292190579232e-07,29.248292922973633,0.26486828923225403,0.03297010064125061,0.23628681898117065,0.7307431101799011,0.3402630557334218,0.3562059531891551,0.5114455182150865
-691.1411560419946,81.85865541408933,27.64398179497833,17.529112850970087,15.874168530523189,2.128789058225972,-10.209465765596136,-7.599337063858271,4.84017538845446,8.715212939008023,-4.30330133152854,-6.836276906619686,-3.193450846489614,-4.154735475922984,-2.2726391811398843,-8.256573001117168,-0.48720670307379566,-0.18992951630364474,0.041502317182064805,-0.09681897228806949,-0.6184035033346734,-0.9007199060039331,-1.135149204542887,-0.3275904825592979,0.39433061317717333,0.7481310052710299,0.30269166087778254,0.35699712163644626,0.48671625840057064,0.48417510747916875,0.5052536976282542,0.5771592788590675,1631.613680732638,0.2683587042929005,0.00024038366973400116,0.03528367355465889,-5.951491013399474e-07,24.1597900390625,0.07386445999145508,0.0,0.17706431448459625,0.8229356408119202,0.2461411504679424,0.3948373050755757,0.6159915386559649
-691.317908860181,78.22036994293367,21.04960478812866,10.050721805834613,12.128494375845618,1.3497831227659236,-11.748550774584016,-5.931997590210351,12.61797046677005,9.829847782228946,1.9205657821799198,2.8790527340346697,1.3168474395650285,-5.246478317233391,-9.666999601550803,-7.473837514616957,-0.42731846956048847,-0.07897231959492754,0.3875957615901432,-0.6427237982179492,-1.0976168337701122,-0.09848264627064522,0.5430792045443721,0.5695536222471337,0.19770375377217342,-0.018311308523008454,0.2946121313893544,0.6100173931705842,0.41014136640432197,0.4326893911839062,0.08048657973175403,-0.4384818946870164,1923.73539324326,0.27132429767681,0.0001703975722193718,0.06945040076971054,-5.698802764187914e-07,84.98604583740234,0.21165823936462402,0.051145605742931366,0.47743263840675354,0.4714217782020569,0.17627124488203733,0.4009617120042542,0.6946271989858667
-693.9468374002336,79.01314119118851,21.253501419955825,9.606025028872825,15.58592595099956,-1.9407474657919108,-20.86258415053686,-16.02756465081955,-3.0302551570880474,1.7436278118836999,-0.043461089185214685,2.913460927889817,1.424824094764173,-2.224131148786225,-3.418607451546359,-0.7976108090503213,-1.4806841062517473,-1.2518093152278544,-0.18573886548240703,-0.6285835273595012,0.025642136984998537,1.0945362662886118,1.24451220875853,0.5399723309923485,-0.7392599302568803,-0.6253988867787308,0.7114084708480743,1.1881655868955414,0.18851325410337127,0.006164029557714487,-0.2912943734432122,-0.7644324496438466,1842.9942441172898,0.26173698314650523,0.00023022759705781937,0.06603539735078812,-6.026969909137209e-07,24.29253578186035,0.06942928582429886,0.0,0.17598417401313782,0.8240157961845398,0.23723666493348927,0.34284044678754955,0.5910256410055061
-689.5804693696298,80.09667046226139,18.939190790359838,12.687610922376143,21.33802399773292,12.185018548042244,-5.38420781921992,-10.32038874131484,-1.8063905614629383,-1.1027450169203024,-2.810372622774376,-0.7750565355066139,-2.3571337789404234,-1.0603573255104464,0.21222648596176952,-7.467663924964766,9.953363070670687,-3.6849843517455345,-1.579993781304776,-1.9142592219455852,-1.6229307529586605,0.8485866206733754,1.1548289943904175,0.3961466227555847,-0.5097419501713354,-0.5492349531345347,0.8827761091437204,0.17804218906165592,-0.18341514527534075,0.4418184939035209,0.1505759829213979,-0.14936571238678822,1748.2515960058663,0.2613190165579518,0.00021857116371393204,0.046988777816295624,-6.002085000745852e-07,44.059818267822266,0.17733117938041687,0.035640787333250046,0.3247881829738617,0.6395710110664368,0.35067477060512686,5.881761409509619,0.9437339171279455
-698.8394687981104,73.52504362814803,22.212623390284016,13.278991130304476,17.418384387050537,8.450007629027771,-5.895580202464624,-3.85171687074166,2.5489797514982984,4.323876517578874,3.990658497237929,3.6118982380697906,-3.178569318836537,-7.961060156546715,0.3544678338040201,3.212993768191057,27.10938084587557,-7.59099142673233,-1.6185554645699756,-3.6089913066339103,-2.6572415265037383,-0.7624501993016679,0.06992346785210482,0.6070685279032861,-1.488462388351902,-1.656353374890365,1.229364495925167,-0.2711309992341113,0.22337334784251375,0.8914143921408049,0.8557135810265386,-0.019673485934249835,1899.757994714067,0.2706531837361434,0.00020751822739839554,0.06953336298465729,-6.2192052955172e-07,66.7424545288086,0.32278677821159363,0.03338257968425751,0.10865369439125061,0.8579636812210083,1.5531235724070287,40.814216515483594,0.9633414897138907
-696.1294118967957,76.54890256839721,20.47848932037462,4.547407740902375,12.355587653599189,13.03203282822378,1.8678288125278084,-1.2453320920322235,-2.0623652331307607,-4.078459173464201,1.5349534928381914,9.499274499002686,5.822150598828636,3.080459625472185,-4.602748344854899,-13.794786687640627,38.24256750960453,-9.288675814055654,-2.2451655417573653,-2.3865451823015715,-3.0215647296591133,-1.3686179280569888,-1.6868901396343212,0.5606061094347236,-1.2050540944545922,-1.838277776130148,-0.11088605247833667,-1.9005626848832402,0.29041517116152876,0.8312946753947531,1.1368451727461222,-0.23269642214232378,1798.1814113329165,0.2796089632147897,0.00018469709903001785,0.04939059168100357,-5.757294257982469e-07,339.71307373046875,0.20619860291481018,0.133775532245636,0.442526251077652,0.42369821667671204,1.8989782555650285,278.9991540686537,0.9932396195024422
-702.5963675968942,69.55542391814565,21.151424484853592,10.04461502093886,18.698573374800212,9.393171358272491,-7.941070471229647,-10.303421382049773,-6.710755517576558,-3.6525800930893504,0.1336195484623503,4.586308034137143,-1.9929381863494657,-5.734297699228433,-5.514178220038522,-7.605976571632693,48.35063095446108,-2.2270823279952836,-5.8731463598630205,-2.2885725371770684,-5.456686216498795,-1.535219667662828,-3.14524312247486,-1.482682015918562,-0.2572480920917008,-1.5688924786108565,-0.7946090130341475,-3.943452742928294,-0.2651717892512768,-0.8911860877589024,-0.4306768329471623,-1.328192467358684,2006.187565833534,0.27958988911082205,0.002194451168179512,0.06621846556663513,-3.988440940516728e-07,553.2902221679688,0.027302706614136696,0.35617795586586,0.5806825757026672,0.06313931196928024,8.87481492713526,1382.3732319478647,0.9936209686352698
-522.078225640307,40.532960049309,0.9127424419388561,-6.233993972585104,-6.190882074077528,1.6493884662111402,-7.337129893467812,-4.6337621471862915,6.8401521697143135,6.154400425033371,5.739092553514482,-10.73394096716669,-5.087989406111301,7.278140319818446,1.641345993152297,-7.255700052165001,52.68710012856217,3.4311850704798283,-9.076656800174305,-1.7014787199968793,-7.191996393965689,-1.12388665046429,-4.340942902638692,-3.254591393527981,0.5769758748398811,-0.42555363900570375,-0.9205530997850216,-5.034598676839814,-0.7686842160028583,-2.4311752526330634,-1.0209301821217416,-1.6832051171142208,3069.4464081830424,0.31598511060689594,0.0368552478030324,0.44028931856155396,2.090433389944611e-07,5267.05517578125,1.0,0.0,0.0,0.0,0.0,2905.280517578125,1.0
-405.4682050386449,1.8751420433103765,18.134510421118478,-22.576464115388344,-9.555636655457409,-15.411380920960545,-20.74294540624226,-4.59782152428257,-11.24915286587105,-9.93146967482826,10.098399181121113,-4.098502930981324,4.624837051519895,0.5428954658756548,4.3333344301811145,-3.7293148150097286,51.55048451397073,8.050458950752784,-11.116809625823649,-0.4672662096471494,-8.047248573848666,0.2900586363963027,-4.717768847731828,-4.65213920272265,0.9019854754466259,-0.2080327334028761,-0.8223663745670867,-5.588076771240031,-1.2648494054110113,-3.5149346827284327,-1.094839350513917,-2.4903696308665886,4286.3355957476115,0.2898484300560172,0.052855778485536575,0.44967812299728394,-4.9248225973036074e-08,219.95985412597656,0.007019060663878918,0.5263343453407288,0.34059232473373413,0.13307321071624756,821.0858738752659,3297.976137843484,0.8006619294540183
-416.8502676522703,17.517992226984298,-1.010111188535701,8.65880740432896,-0.8943988252305317,-4.044486598108053,-35.65379832300458,-7.325600462829483,-1.302005216781491,-10.622454312999082,-10.659593058675414,-15.634574878247369,4.3420853198848395,0.421732415697475,2.324323338210796,-6.166745193726202,42.82758026593448,11.429958866378072,-10.700870648154677,0.637584649185883,-7.128852458102264,0.8543336826377138,-5.194469060045174,-4.354773371645994,2.050668956076857,-0.11377217077666027,-0.16592359940114587,-5.65329743128334,-1.612738755020829,-4.575339001610275,-0.7229990986953798,-2.593158326655702,3255.285287287067,0.18324746307607767,0.979856894351542,0.34955695271492004,-7.820915244879979e-07,214.7532501220703,0.017208222299814224,0.3855321705341339,0.4167998433113098,0.19766812026500702,1867.2830540556074,3085.1910670381426,0.6229595534679504
-363.433452815192,137.369851369908,-44.9512242896261,-1.0778823390295196,-31.466422226086603,1.979441744375719,-35.61411583143352,-39.29372625790302,-2.5938285890012374,-10.080519198640879,-10.180586064882313,-36.18018700791112,-8.751335252067161,-22.00488775587345,-15.013289467630909,-19.859804235128014,26.564113333236186,17.22694607529384,-8.59528186653942,1.9925912003404809,-4.545010601172907,0.5071062745184349,-4.091860007317574,-3.0218724075591528,0.6317858266241428,-1.0682467643309235,-1.0078136785517864,-5.6581306837531065,-1.5732969315320757,-3.910912417197949,-1.042652538696636,-2.893950629206473,1011.2142150979557,0.16391290304201425,2.276693634688854,0.002525865798816085,-7.76475773081707e-07,211.2562713623047,0.012731758877635002,0.424204021692276,0.39299628138542175,0.18279962241649628,2565.7587408371423,3331.6221185378577,0.564932501051143
-364.75009219021126,130.1163663525541,-55.33924668193319,4.032655176791965,-36.18977120492026,14.91904098754112,-26.248167335554257,-30.944018382906695,11.459773145408917,8.158967150361129,-2.384157330367402,-31.711845323713483,-10.622233739055769,-27.2350501019,-9.501322273875914,-20.194328365301722,0.8051419785734432,19.48936568660034,-3.9892941678986844,5.092382657385817,0.05498685727165997,-0.39777630869499225,-1.6383625563581121,-0.5906574950495719,-0.39918110570516785,-1.7968098381540711,-1.5770660348770953,-4.423867560695304,-1.7858739622412712,-3.1053685446361805,-1.167566962580581,-2.1656999370216696,1068.2868539718281,0.1955795967592114,2.6525203632190824,0.0012010253267362714,-7.589443775655459e-07,208.148193359375,0.016571709886193275,0.37563514709472656,0.4033470153808594,0.22101789712905884,3421.754912474332,2596.355927369418,0.431423746830962
-370.00513775634823,125.95285828102206,-54.14418120048131,8.49411074443572,-43.12294808855816,16.515964628512492,-34.65942601989434,-36.19167817658812,5.914233981629214,-0.5665009890493851,3.8512702058556356,-27.692507464699226,-8.796342295228584,-28.0990510975913,-7.815380689607399,-23.488219319423983,-6.283369617692246,15.343718968246026,0.1400386932220299,4.7867553313640485,1.7885390156491157,-1.3563998210463892,-0.42449857931096435,0.7322564786701609,-1.1819956582264308,-1.5129049950408573,-1.3831217873540393,-2.767172611564884,-2.550705011505453,-1.966695206626722,-1.0942866315945203,-1.2954714053120555,1106.7199249465832,0.1996849564592101,2.2159190252423286,0.0010187291773036122,-7.78886433545108e-07,206.0287322998047,0.011536983773112297,0.49964064359664917,0.29799985885620117,0.2023594081401825,3876.953380989232,2061.513904167018,0.3471457878230572
-392.3318850690993,127.03482930863899,-39.665437898322146,4.766085667289728,-27.733917162337285,9.522411188110425,-42.83712909931022,-25.321635769553026,14.75528542655301,-9.064622044854804,5.389232762217839,-32.581702148614255,-7.1552124024554535,-25.88251933361327,-3.313842865141822,-30.278543015034742,-6.366655416236105,6.125258751314106,4.248907924620843,4.385706487611247,3.115206746341116,-2.8069053304958222,0.2158107664243749,2.441313288112138,-1.3115563691983465,-3.232358548589248,0.030840903288814614,-1.117199202995895,-1.4657736667893602,-1.2867172405725367,-0.1645451155772644,-0.05850554125910144,1005.8626791737424,0.15369848157297947,1.8449096782132983,0.0008714471478015184,-8.246538504727477e-07,206.8231658935547,0.004112567752599716,0.6476044654846191,0.23119021952152252,0.1212051510810852,3090.510548644087,3074.160349793413,0.49867387901803334
-432.20100053342037,172.89476145280736,-27.622538573892644,17.30467392311215,-7.711810515125734,-9.60955623652427,-38.08713861664798,-18.414069472489913,-14.94245607514118,-17.63985441436656,-13.666485230786222,-48.08351145784829,-13.590305473963086,-18.292320305991012,-8.406805693851535,-20.361755742476454,-6.663406253978508,-4.197971973556889,7.448574244405078,5.826353443262571,4.861368179200958,-3.669634595753768,0.03393010913501049,3.466183910048966,-1.2672045288069491,-4.522330677025048,0.6000876756214828,0.20017318055240008,0.08323125814577997,-0.310175408801098,0.43467388236411447,1.0474491926694423,656.2327688989325,0.21202237947431754,2.3416284304112196,0.0003366455202922225,-9.101929377090719e-07,213.500732421875,0.002127764979377389,0.752439022064209,0.19677682220935822,0.0507841631770134,4026.0606509429645,3136.3983334320355,0.43789407245111356
-500.5677693969202,152.70456052258544,-2.9829807476760224,39.79425495698007,9.584941813919883,-19.086204291684385,-15.551430395767179,5.091067021258689,-6.53324797323547,-18.173879279093974,-11.625611638842557,-37.751554233065534,-12.454841323657618,-10.50030931073941,-5.297447445361495,-14.303865730161725,-2.910807379398955,-5.975855457735389,7.337134479004047,5.50452959833432,4.073591215685077,-4.16550746346426,-0.36711057729666985,1.6311207775414105,-1.2877654719667755,-5.315876602423489,0.7440268996050932,-0.30506767987851274,0.39026329827118,-0.27993813748592256,-0.39140875077846826,1.6834369170039356,521.3551156689089,0.23234006445628952,2.46963460277766,8.067315502557904e-05,-9.062817856575657e-07,217.00743103027344,0.0017200919101014733,0.6851906776428223,0.25594109296798706,0.058868203312158585,5956.811662916224,1839.5984933337759,0.23595455555388653
-395.651400916705,113.64892956482892,9.13194793503467,16.498644436888757,-4.578326266209679,-17.332433526166458,-36.80344820778856,-14.771899003341264,-19.705219999143075,-18.875910969203122,-10.12431163425847,-22.849231157147173,-19.485313361607158,-22.96041775571041,-11.214748695130675,-14.28651607625644,0.47730329562285934,-7.462602618350315,4.819853920865273,4.470403810571651,2.550873503952797,-3.7501331629547807,0.4337106669300985,0.3382600031527303,0.3828825035240291,-3.972314556243881,1.0280206974477664,-0.10309877917544216,0.892933491809069,-0.8231284204757676,-1.008588228643469,2.14615029013811,882.9755858991728,0.22186507081194667,2.59976417850703,0.0018394693033769727,-7.768179380077267e-07,220.83157348632812,0.00564374728128314,0.5773528218269348,0.3410906195640564,0.08155666291713715,4429.625495018804,4007.909661231196,0.47500953619877795
-404.72883352205463,104.15799197254316,-10.647415111494418,41.17856895179578,-6.072510502799684,-8.130157246766792,-36.01607786507781,-11.559216460175989,6.068875876364491,-35.076527142859256,-1.2390193189130323,-34.27317435829546,-7.47924151281601,-28.98143178649322,-4.946840138019521,-14.951141643573289,4.035848361329068,-8.659970388724469,1.9508732884820046,3.1554965605799414,0.20254933930101204,-2.6790329894999934,-0.11113989160665524,-1.6092849529498132,1.6148570191785758,-3.1385622500577064,1.250772511641957,-0.13025822987890098,1.5823602138042137,-1.8437954009038768,-1.3816157615265239,2.3124171932574775,1043.0966721910258,0.1759475594897699,3.0376021210104227,0.0010643635177984834,-7.802600457825256e-07,223.7696990966797,0.0028985096141695976,0.5917931199073792,0.3274172842502594,0.08078955113887787,5351.934526292655,3367.1963330823446,0.38618486032490973
-393.5183879638535,93.60358410617285,-7.55016315679856,45.698674810007056,-9.735870719901234,-11.701825568911666,-33.52864487920435,-20.152634333542935,0.5731367710111208,-34.05683933546462,9.203377581171305,-32.385767656351845,-3.1907177860704503,-31.76260180110392,-9.713457686244931,-16.67497732918474,4.589083062389465,-8.490186252567012,0.05448431901116697,1.6055540386985665,-0.22232652813042242,-1.1258743395358133,-0.562644072931069,-2.5677806654097526,3.733510691037603,-2.2506767687428493,1.735516389606547,0.3130349219459252,2.4619056398758286,-2.3862018247181895,-1.3542950773661133,1.9092594831405392,1050.4610688033306,0.20510445288638354,3.392797782085836,0.0011459426023066044,-7.781530470659375e-07,226.9676513671875,0.0013610412133857608,0.5821772813796997,0.3096163272857666,0.10820640623569489,7037.391006121183,1694.1871188788173,0.1940298872237162
-393.71619090326783,90.99036675770274,-3.9253760502802804,40.69244183193105,-11.740285388134627,-15.64322477650548,-36.334360069852856,-26.298241874045114,1.6830097299655922,-33.14646143846839,7.190748273655737,-38.230749348486384,-7.336736119765375,-25.969978547684548,-12.430411401316153,-9.235216705207865,-1.3011265322117567,-0.811034567023543,-0.27668076448616835,0.596679835852108,0.8772972999802823,-1.561093046756532,-0.5962544053510778,-2.619117979913786,1.474774518352304,-1.6065901949186474,-0.3397683475321931,-0.4701741721323506,2.465592194621558,-1.734146988193949,-1.6174265738201459,1.9247891543337736,1044.090241644244,0.17810839511284823,3.54342845082283,0.0009903343161568046,-7.983757114977972e-07,228.76675415039062,0.0026950419414788485,0.5963230133056641,0.27508440613746643,0.12859246134757996,6765.868512621508,2018.0426201909922,0.22974305974619302
-405.1083991998788,92.8293967297974,-16.77149789112609,34.0623218373781,-11.928676178350564,-22.554682937382978,-30.19392778943004,-25.353470250042918,10.553350921454067,-29.65568536100704,3.8888645480325543,-33.720670621867505,-1.7098909267668327,-29.024961627679446,-15.541103547767479,-8.760029928015472,-13.8693916855334,5.311793471367076,0.4800084871975979,0.874202926455879,1.9385135674132696,-2.3332117287665217,1.5398177953142131,-0.4241446921063083,-0.28757955908132604,-0.4915098278460885,-2.099526418078401,0.18562058353134164,1.573172588528663,-0.6174325592587728,-1.273496452343182,1.9223338708959001,964.8590640241006,0.1761165918622108,3.3866067538037896,0.0006945306085981429,-7.908499897065796e-07,228.4230499267578,0.004170130472630262,0.5939916372299194,0.30150890350341797,0.10449957102537155,6200.465058370216,2304.532988504784,0.2709622007910444
-406.0726531343586,93.05273026713485,-13.898893658906568,31.78119710953431,-9.581028110953332,-24.08338037564858,-40.85137158892671,-27.216521200433142,10.678567422646125,-35.84965941448745,-3.2557941573734897,-42.683974541271766,1.0371783983802523,-35.55458872608414,-15.496196671846825,-6.230788676263177,-18.09809944577509,8.262122075459969,2.6605925623674493,-0.35488348532223196,2.5796746150658674,-2.460464100639348,1.6982613504070574,0.7754229241820798,-2.9932463128551796,0.7826792633820389,-3.8647650455317737,1.8543610582757137,-0.09251258020194611,0.024359423569922878,-0.840767649774019,1.4767518313140806,1021.8053539947354,0.17159885565519514,2.9919341038912535,0.0007336203707382083,-7.97967777117979e-07,227.16676330566406,0.0030934279784560204,0.5957167744636536,0.31123602390289307,0.09304703772068024,4852.318912663096,2752.244563899404,0.36192012498572823
-432.26075330760943,103.98251307711604,-7.347125957525378,38.737470968896474,8.419887683977025,-18.260397678545388,-30.77703347372986,-23.724546310549204,14.118523819812811,-33.23580007415995,-3.0251324870775296,-33.26355891759684,4.295926766963101,-33.01522948897295,-17.038099692336672,-1.9698955945041223,-22.363786082586227,9.746653465313416,2.8215998383598944,-0.2357029305869332,3.2716490279483588,-1.7202525268006137,2.6997098288787345,3.0080844048553246,-4.0218776040947475,0.9575122428069197,-3.9288973368152957,2.4452080291289655,-0.6424725670497966,0.448859024888008,-0.26754037341975967,1.2329921639566057,895.3000125623173,0.2087512830570338,3.223886849358678,0.0005370398866944015,-8.76722627094674e-07,226.08348083496094,0.0016401171451434493,0.65468430519104,0.2782575190067291,0.06705836951732635,3515.716183116404,2842.563113758596,0.4470648395636967
-489.0582404717599,153.53503207981498,9.15718616173945,39.67310676004388,15.298201019673243,-31.116800972189438,-27.431089937096502,-18.35235584778856,-14.579337372919392,-32.216537731956365,-19.70950553469624,-32.454295161846474,2.0646948288140163,-26.36923690726239,-18.45974307246489,-1.0084071104167427,-26.639754956037137,8.697470486872511,4.528239617729934,-1.089195028690134,2.4423625728946243,-0.3049799727944037,2.8227162049178283,4.443502792281543,-3.758024243755179,0.978398511217082,-3.5372672604760913,3.710450739605365,-1.8062020813504933,0.18306681833873079,0.13699427040250833,-0.5029862631000966,507.3208572050892,0.18513461980275245,3.4054092280566692,9.158333705272526e-05,-9.28262675940471e-07,225.97994995117188,0.0014800340868532658,0.7241422533988953,0.23761065304279327,0.03824685886502266,3066.110521274893,1862.989576381357,0.3779573430182914
-517.9849227577763,150.58799619205155,3.8704850905932155,36.449198078695346,-1.1463499180997985,-29.701301708994656,-20.391475047030134,-14.023689024126318,-17.554336395971028,-28.128270581719192,-19.038452601715342,-19.87687987269495,-8.882477695952922,-31.15858591548071,-15.753750958765833,-4.012206787261837,-27.398516047168986,0.7147610256811018,6.102368249230894,-0.8189719966916074,1.158610281180506,2.6782408251767564,2.047841308245674,4.573392830963369,-3.8975762327390138,1.82866052472054,-1.4240148504484695,3.797737704823914,-2.8664051349793644,0.9121206616226845,1.3360919554020771,-1.219453106845537,476.12588034147245,0.21656059721576026,2.5311428532004356,4.4073272874811664e-05,-9.256231314756464e-07,222.890625,0.0013280838029459119,0.7401302456855774,0.215714231133461,0.04415572062134743,1791.095217225779,1219.431394102346,0.40505584289267627
-528.3913108020602,151.29090229214785,11.798613049063434,42.13330447351008,7.574083952351401,-24.87429486816217,-24.700893628405847,-8.904755577508967,-17.99433361437377,-27.352697932405537,-22.850496201771122,-18.84192934129006,-10.800280181155529,-27.87185620204949,-9.639220058522458,-8.107880461077661,-26.344132830719627,-2.6337554990830574,3.0158513114162053,-2.558725166709001,0.41718960199035293,4.096243485136176,2.8360867619016075,4.161641334765111,-1.5626958486062277,2.467791189045303,-0.5032165559119456,4.176283885576714,-2.9499860871043992,2.739468331509505,2.275635731737546,-1.6382787074920684,475.20296933216747,0.14283396536136156,1.483636231161654,5.333201988833025e-05,-9.257186303601202e-07,220.34291076660156,0.0008896071230992675,0.7445428371429443,0.19597308337688446,0.05948418378829956,656.453765104544,816.0397651688935,0.554189032679388
-550.7841806652535,150.57810925074313,6.895831148070895,37.91606833673277,13.242117281177583,-25.25064636723729,-10.014394061266108,4.042585065765362,-24.62869992455162,-25.711466133184672,-11.62206269528333,-19.728577444257226,-6.900733968790177,-24.8328339978149,-14.972746488982905,-2.7051040147717345,-17.748603072626892,-7.8788752747692845,-2.1696221846835937,-3.143723044370438,-1.5847559120008186,4.510280192140504,1.856788143980529,2.9449922190756945,0.3475702117656248,3.066748697623305,0.8788692552936336,2.936526530576575,-1.76808449005576,4.295179830055362,3.3524152974534385,-2.0095910219235535,464.3860592614449,0.11942353702704316,0.519178245216608,6.29997521173209e-05,-9.399823702747434e-07,219.4222869873047,0.0016038892790675163,0.7213889360427856,0.18105736374855042,0.09755370765924454,139.94076221271743,366.17584545329817,0.7235009480165807
-601.4653079484012,137.3704328788407,30.594565320256336,16.86022106762544,-0.16893852049454644,-14.94026854216169,-19.799895879143758,6.726161390253992,-6.046150219401894,-26.95401130523009,-20.43438415014044,-8.33575049882996,-21.323304653008364,-30.673599150392384,-14.051340629421855,-19.872081396045445,-7.384674512375055,-13.267558785752213,-6.143871736977789,-2.9849630161371072,-2.075604935924706,4.955078091076136,0.4747408929155297,1.7470800016562573,3.747966615930906,3.44258715242912,2.142727063420226,1.9270548302172554,-1.2511293725153632,3.799869017702377,1.8933964657342215,-2.1045827524780667,505.0963672438836,0.24982857101931874,0.018290050327777863,0.00019450968829914927,-5.06015680570299e-07,223.31991577148438,0.008051374927163124,0.44273659586906433,0.2902069389820099,0.26705652475357056,5.4823046173658385,33.07259269098377,0.8578052335733087
-600.4466675354844,47.57576951633777,33.61209633833598,32.76412580615095,-2.0886746852568847,12.696093383492329,-26.328783731486702,1.5449445156650699,-15.139393405549296,-13.87564049251731,0.4962970567523508,-12.68635527314908,-19.121031542546795,-22.719436806990252,0.17882639628245214,-14.678384443062786,1.1791466740836922,-13.834040306942958,-9.16993507024547,-3.2322725461985247,-1.347346176823109,5.245810427564625,0.0372052907307838,1.104422522572058,4.661836609306581,2.414885435260261,1.6969485352282874,0.31389293474711266,0.21746730343054668,4.805014681303939,1.16502770747116,-2.106752863942359,2419.167583529876,0.27432185151774147,0.0019930675625801086,0.05060810595750809,-6.626335870577081e-07,209.84950256347656,0.0852784514427185,0.2101409137248993,0.17691689729690552,0.6129423379898071,1.5917997477203853,9.750352847799634,0.8596562923735375
-610.6918617090568,103.93622678728697,-10.855566803187383,8.920053762658313,8.694690666091946,4.941973554412545,-8.056124742502355,-0.7998464401114037,6.683564917960695,-16.588375590536668,-14.93677282281099,-7.568966929574581,-14.451330366932797,-1.6136651227800507,3.326192398784767,-12.168541202533369,6.277100894035149,-13.918214625218525,-10.96195989241982,-2.843227111664699,-1.6230967050753669,5.103296592653142,0.06477910695924383,-0.3529786646585002,4.3836674293371285,2.6196666029827598,0.8943407126704064,0.10220620173154313,0.22896721940933162,3.8133982638882524,0.6294305267706779,-1.6108549206163127,1427.826736723849,0.19389016923671196,0.0029570991173386574,0.023936130106449127,-5.899369904816738e-07,240.42442321777344,0.2920396029949188,0.11273156851530075,0.2587082087993622,0.6285603642463684,1.1118167945935287,11.574308007042214,0.9123596202955396
-547.7652117936008,77.98471861615653,-44.45168769575376,22.807222039122458,-7.991900229059242,-1.3324798191329568,-15.713030305054783,-4.406091092008106,-0.8096170658167201,-6.181677917269969,-3.7930460337284897,-14.10146414354011,-2.0882886458030336,9.326650306336205,10.045419631228354,-15.46952129262753,10.370321996341211,-11.564601448696628,-11.029683110113123,-1.4613165469514586,-0.5718253196797212,4.331694849833658,-1.319581453594552,-1.0297667790177125,4.157435998845274,2.43886983505828,-0.25448688454690294,-0.914194283719565,0.6197172110605541,3.1674102123824435,0.828170170862895,-1.163830703412807,1978.3355126053116,0.2029823610965284,0.0038006799295544624,0.07037133723497391,-4.788140518551306e-07,1737.0262451171875,0.0,1.0,0.0,0.0,0.04628305888572015,14.018856711622092,0.9967093779627582
-523.9272442094614,58.40203116148493,-42.111236674607994,23.024754535738296,-7.429315651239415,-2.4620651724134524,-28.062597125241673,-2.7873987032070717,14.37034647251064,-5.3787925249577775,-5.989106136871989,-15.277071254088558,-16.917288060201056,-13.392573645430318,-19.678773478917172,-18.96051204076285,12.646710620804027,-8.312617601264169,-10.441797947666135,-0.3744859581302219,0.4248205422667506,2.5455807080181883,-0.871654876616505,-1.1427229625059634,2.099203098124615,1.4256120127550576,-0.33811198987540453,-1.2981840893792862,0.8539295695803024,2.152812953731663,0.3951706220997031,0.70713224533259,2214.120245875165,0.20370493417232333,0.0068540023639798164,0.10280408710241318,-4.520740439480379e-07,1712.9945068359375,0.01690330170094967,0.7448670268058777,0.2551330029964447,0.0,0.04799198579693603,14.343274837018006,0.9966652007507183
-502.84861858663254,57.399291776086145,-57.209861217561965,11.835987314093273,-1.7028914092815186,15.247038634467438,-17.39874272570752,4.060471195206215,13.007732464756273,-20.741721145031814,-11.519178284575172,-20.847381959561794,-5.156928468223041,5.712446727635326,-7.60213659855969,-23.017702471083446,9.339314914015672,-3.398180620574901,-7.166640094290208,-0.7547121264724171,0.867685681765511,1.4053685005592242,-0.5245078238615022,-1.0083230377064922,1.8410919435598927,0.979159719091529,-0.757384507421438,-0.9406275766082365,0.7843527793388178,0.37827974381818597,-0.7005962208736445,0.226723508389317,2181.69764146766,0.20558362067953137,0.005728655494749546,0.058491408824920654,-4.549632545674805e-07,1693.9852294921875,0.0,1.0,0.0,0.0,0.24649083977364228,13.69035303229667,0.9823137259743855
-522.1258647554396,44.28375960358596,-48.68266905705455,18.45191777321992,-0.4576151546117456,18.569931886138583,-16.71353325924515,-7.9683111958182815,5.742661102812823,-4.496107662726784,-15.662852053760165,-12.64529533361143,-15.134820036030504,-10.231877318626042,-5.378651458768521,-17.294255893338672,4.5647167515276,-4.660052944696938,-2.537876748027048,0.5036311315082209,1.0715083264215028,1.3476597256058802,-1.6280379951374937,-0.7208908928169871,0.5818641464696199,1.3072731072381143,0.31450099683968835,-0.6071781744245288,0.6469512616075884,-0.1313637158245384,-0.5280459205270144,0.5238096785803198,2387.94828863344,0.20908840924005956,0.0049950191751122475,0.11196586489677429,-4.3195649917589377e-07,1709.470947265625,0.0,1.0,0.0,0.0,0.19878502595265335,12.071162979723617,0.9837990327374907
-525.2241119641815,53.39588025331114,-45.86659347483858,21.74044165602388,8.719354902914825,15.167663115261313,-31.586290237313108,-1.1439374539427751,12.895973242676167,-5.341201779325431,-15.247194036593065,-24.201793649629742,-8.611901379460077,-3.9241868225532532,0.587012162817071,-16.228281969426213,-1.3961061966800885,-1.1597347947957095,0.013721782902435628,0.30722684853958937,2.485295220081468,1.304586237965178,-0.3258414089128089,-0.25694081846488237,0.5081367890011566,1.1050015763013241,0.19686371684583778,-0.07742230973454753,-0.0413894629546878,-0.6167898599648892,-0.7718640687387862,1.4518749378821276,2208.15147480195,0.21315757876136918,0.005174905993044376,0.07049917429685593,-3.976433284639103e-07,1699.4278564453125,0.0037400193978101015,0.8255169987678528,0.1744830161333084,0.0,0.09593432125009921,11.360912869606834,0.9916264641002928
-523.6937120933687,43.288676109016265,-44.32029202746911,17.487571484243908,1.1012481277853443,10.430906000021263,-24.181456785486944,-6.930429764079713,1.4314857912289103,-14.376783305762626,-11.403873000076183,-14.947289401134903,-15.287303941465016,-7.2651853401469815,0.3343903633963834,-3.652771931267397,-5.0863934055099485,1.4225807501575993,-0.06291218646918191,-0.729089216245532,1.349300763851301,0.41658098182304454,0.752102198371869,0.5001934035431652,0.3495093459102081,1.3790143244515753,0.1080060718841721,0.7614059809554274,0.5624283069582917,-0.014697198888917004,0.05900854344376194,1.7610906007544258,2394.3277050985976,0.2164627191784364,0.0045181140303611755,0.11804162710905075,-4.3943025796873056e-07,1679.889892578125,0.0032142929267138243,0.8170389533042908,0.18296103179454803,0.0,0.10529501307617761,9.545241524094232,0.9890892063181544
-537.3264508152305,57.912710287314745,-46.43865017265176,16.69440500005438,6.523139754811773,16.151850825839002,-17.003038057540756,-9.317812252835942,11.720171281075936,-1.4878482042549293,-5.36863494096599,-16.869806295676845,-3.912570310779483,-6.971356003948605,-6.932092161112445,-17.701542469129215,-8.30519478189826,3.7041573899698723,0.34877064884796327,-1.634917703776303,0.8578013290210479,-0.9658220638655567,0.8929793323965575,0.6041829902678749,0.3875094168047462,1.4832113925251262,0.2715875172939214,1.224573943157018,0.8992171732345993,0.40456023652179174,0.10797553478865722,1.9968578766042246,2223.839044262665,0.20599684986393704,0.00432390533387661,0.09067127853631973,-4.881378104748877e-07,1646.359619140625,0.002851871307939291,0.7531837224960327,0.2468162477016449,0.0,0.07020735805834111,7.781558751408212,0.991058399208594
-544.5730738835796,57.64696927039234,-49.16478542516989,21.351611454847227,7.010192106949756,5.616979748355946,-29.902872147176243,-4.556801269021762,12.511556000996393,0.14921428224959454,-5.39817882018097,-13.926670935799802,-3.3300990256453957,7.9848481074709605,-3.915231676365817,-11.988605321614347,-14.482272623797709,5.057197072697705,3.0764726222834793,-2.2402765928169193,1.8348732054916848,-0.9880231201234082,1.7884342610097308,1.310984972770139,0.22137318876360185,0.020726428368868205,0.26366748890108604,1.3875850310561835,0.9707256460349777,0.7405243223098764,-0.37058365302446056,1.3747620056832184,2165.496807664749,0.20159039972771786,0.0037567289546132088,0.08006420731544495,-4.827885252596538e-07,23.406429290771484,0.07432810217142105,0.0,0.07921607792377472,0.9207839369773865,0.2933342379087609,5.165901430273612,0.9462682588300085
-535.5915545394322,61.147054730568456,-45.43189916914727,26.48235980714805,13.955165850874975,13.759380435611208,-17.551316624818924,-0.5034800785338829,9.92810204257246,-0.9094269377851237,-5.423302203784777,-17.688888343336497,-13.483580468403247,-10.358035536640887,-15.118480426031804,-4.988778255251935,-20.425600597828765,4.921412322268358,6.9102257854944655,-1.2785986240052225,2.6855317337213593,-0.2911113753341138,3.073482803257403,0.45845412106161376,-0.9574553978125763,0.5310673988712257,0.6944875978946607,2.462205136277564,0.6752661124574646,-0.05406999305308696,0.002729275899131689,1.7631322680645714,2139.897663887435,0.21597479737021844,0.002855640836060047,0.09136325120925903,-5.013643490874097e-07,34.754371643066406,0.26844269037246704,0.07536635547876358,0.08314446359872818,0.8414891958236694,0.4808678054221996,3.2315724468818776,0.8704712338134586
-561.4167540506786,69.11910785608309,-51.50431864944578,0.9152992454429573,-2.1181969823422664,11.132822345321287,-13.71777732630763,8.476179541570511,18.83221251910989,-2.853797679874986,-16.542898509898574,-7.417160789320161,-9.313067728054232,-9.906740348256578,-12.00832126687563,-8.350356352256515,-21.072856325340737,4.961242146354831,9.89602768038419,0.0477325952148388,2.125578643428885,0.5393756686970463,2.8214283237569395,1.4651684126971163,-1.507650038494093,0.1491731500665811,1.795562914782414,1.741128573956656,1.5508827708798316,0.15028650164197727,0.43643879850341194,1.8063383485389632,2022.9509687024502,0.19927418245062728,0.0017149047926068306,0.07004355639219284,-5.132707252852167e-07,59.24156951904297,0.25244396924972534,0.12403176724910736,0.29548266530036926,0.5804855823516846,0.4896915951752945,1.9898225268339829,0.8025050186935526
-587.5548116084991,86.86998090728869,-48.868288093969554,-2.8722834149314522,8.314423428060909,8.245162734838447,-11.838002655287074,-0.1237878152861942,7.7171282022146475,-5.572669562066984,-13.198700144440496,-9.911480989905382,3.411553214830421,10.941413542824435,7.904900583715495,-3.3085524873321046,-10.257620401309556,0.7910390085226571,10.483042737713175,-1.6901766374468152,1.9216031883606062,-0.11078414989479428,2.3622645483471114,0.42664164805334437,-3.532383731884663,-1.345554323799042,1.2343628430038227,1.6217668659299016,1.286433638976987,0.1868531097922535,0.9826430741249801,1.6407831352524531,1812.417896126135,0.2082401351037807,0.0005887467414140701,0.05505845323204994,-5.652476051616777e-07,88.50708770751953,0.06349293142557144,0.07123948633670807,0.3637043237686157,0.5650560855865479,0.5233466506826518,11.118922483838833,0.9550477106622771
-674.1841324694616,81.31233821922152,3.0560168016580738,9.146460101809705,27.120897564951964,9.188619794511549,-9.793005118388837,1.024463470340731,4.695046660298368,-9.917708529698869,-10.66103056874241,-6.109548156554417,-10.18589185852317,-8.105765370783296,-8.207869688443397,-7.1920217626357426,7.5639098808402805,-4.813582541668834,13.188832740648833,-4.589430828675881,-0.2954538978905852,-0.6332905006108032,1.6832669640772682,-1.0916766194084846,-4.165011799287484,-1.7837896922271408,2.406188539950276,2.472315759918022,2.3691535705903566,-0.1564300936053576,0.07342832692145235,0.3655178930914299,1659.8668379791586,0.24655101994755196,0.00044702086597681046,0.03938758000731468,-6.186320871237788e-07,91.39118957519531,0.10971730202436447,0.07935873419046402,0.17420931160449982,0.7464319467544556,5.245373116716088,124.6211735141433,0.9596095125896752
-689.4152052111342,81.35264854827288,24.054263952460857,23.70971809261519,30.87404926655867,14.307090535640837,-2.904178345119651,-8.088552985256849,-3.4921709664123,2.0736667911323075,1.3142006324931679,0.9964372715926946,-4.47528834200724,-8.588289354826962,1.6394223653973625,4.767082191830597,25.185529763291346,-7.686489606486194,11.172823833309335,-4.210610950048666,-1.914339687563935,-1.2164134313528363,0.4564624377162596,0.05119353687673145,-3.5971806511510365,-0.007150203845176801,3.384622702280235,2.609863997066034,2.8891794358012604,0.6155278602719632,0.46992652195072043,-0.9265124298305989,1577.5371995840032,0.2613767013178531,0.0007329601794481277,0.03234492242336273,-5.653947932084115e-07,318.9565734863281,0.0788307636976242,0.06717535108327866,0.4696801006793976,0.4631447196006775,4.891395858538058,251.00621766685256,0.9808853400735106
-647.9236476163442,81.86393859002547,25.999133702250838,26.383312075084522,6.076578522110844,19.49784565024097,-3.917438720225367,11.239596540199535,-5.3130099701278315,-8.611050239259638,15.092719401010301,-8.082956695217696,7.60208914078374,-1.077743333097756,-3.157189800332831,3.7724865796279263,40.647012002605685,-10.87463957536652,3.754010434125843,-2.0624622421741723,-3.606399632633413,-0.9242319980568868,-1.2193408795500928,1.303489640286035,-2.882254125010108,-0.015330844650779163,3.6581885973142345,0.6671772040329567,2.303926490972854,-1.121138944112673,-0.24477627164620522,-0.8224706795850184,1808.0014069048048,0.27373044419690773,0.0026499340310692787,0.03954806923866272,-4.811461475648993e-07,7886.02392578125,1.0,0.0,0.0,0.0,0.0,471.32269287109375,1.0
-508.57415659475356,38.46446392579293,6.050886123900228,-13.103489383651073,20.27818242418463,4.291634738690937,-9.362907094376595,-9.110020417782824,-17.652732249655564,-14.826533822111372,-7.060584365230124,-6.59565495282094,2.898853118472693,1.2932673880864516,-2.0900417465851318,-10.078128237220596,52.04461532770144,-6.390238466190805,-3.1310782511409223,-2.558166120380002,-5.53794283658459,-0.7483157257516269,-1.9497895858750172,0.8659699256742994,-2.3924031400316936,-0.2958194264959325,1.3652391895979592,-1.2269294593508762,1.0697062755879378,-3.052820790247162,-2.3609936346760585,-1.6959872246062944,3330.2471244353615,0.26708000359739636,0.1336667211726308,0.3712387681007385,4.178995844531814e-07,7091.9609375,1.0,0.0,0.0,0.0,0.0,1365.854248046875,1.0
-382.65892894599284,-2.5379080282757456,53.07325252732102,-37.17997087389909,-11.901173003242263,-2.4795620907763363,-17.928800214431963,-13.867562512534167,-14.40305923236923,-15.202758746520319,12.476576750469302,12.444058807658095,13.434511297843414,-2.632153273321471,-15.444331960820906,-10.769154574499304,57.97881031977686,0.7377079555146447,-13.151821778814409,-3.6017459745336544,-5.368702524049763,-1.0388977367981964,-1.8134851252608555,0.3088280909792631,-1.8663765687317966,-0.07468548567213218,-0.8605216837289801,-2.6711658642864964,0.8886777141571393,-1.8312488345894773,-1.9940025906355185,-2.026227059651614,5030.31446284828,0.3248799574734087,0.2099757380783558,0.2284412980079651,-8.36565798070951e-08,2331.02783203125,0.0,1.0,0.0,0.0,2.376142780595515,3877.9820115162793,0.9993876485916733
-337.93242563872855,23.65733094459162,10.531913613834519,-7.298961863034272,-8.143497184260628,5.121924826533286,-10.252552272977889,18.961562548979217,-3.9162095275420707,12.545308361933614,14.073936503099453,5.398596031043913,8.60278159754455,-3.513990370815166,-1.7577733831893665,-16.428705246650495,52.47315025964308,6.355683466010214,-17.86764184312485,-2.007232468926458,-5.7646449560588024,-0.8330819821028421,-3.2124610756096943,0.11997412799205515,0.20020372006950915,-0.2931546711700117,-2.6711591889499378,-3.8050121273085273,0.29822329361407984,-2.841048141460476,-2.5720477591859576,-2.525679292990542,3484.0424728511,0.24451581792935512,0.3285096315667033,0.2879664897918701,-1.9952713541937453e-07,198.79653930664062,0.05459551885724068,0.3808390200138092,0.19492913782596588,0.42423176765441895,574.2808524331567,4998.140046004343,0.8969423051668289
-329.901227404751,6.05617097697679,-60.252086824102534,5.664891805828465,-21.71074901791166,7.9497256975782795,-27.51439857095511,21.41589122223092,-2.5874027915795565,-9.804668530915478,8.40034555398493,-16.270840920540635,7.698671406199688,-21.089466809176237,-3.882362702205681,-5.347432963348413,36.876156843146354,10.538946859175825,-16.253109490239126,1.798666522646347,-4.432340528564975,-1.681192851210895,-3.6993026222793546,-0.42225691018980027,1.7426745143987263,0.1138181470245786,-3.3684124589840057,-3.443826907296434,-0.003506007364796837,-3.6704477208826907,-1.6400276678779042,-1.2430264336620438,3184.3618367835616,0.2309541943446166,0.8468260644003749,0.09891518205404282,-4.7171090793364523e-07,190.1657257080078,0.019435495138168335,0.1859622746706009,0.3014656901359558,0.5125720500946045,2862.273438744138,3663.876463599612,0.5614146960191332
-307.1553299453013,97.40664980252613,-48.36073867871729,-7.238438283574899,-14.127773076812268,8.036532211072103,-20.616774016506852,-9.676077748023957,-20.222550213227063,-13.682634617179,-12.741976665184513,-28.027286562623416,-1.953415608933477,-27.26166923903825,-25.983750761688285,-15.898498448119653,13.316850386725914,16.639577256795818,-11.221971540248969,5.34318304983826,-3.9332169625939546,-3.806143815008663,-2.246176946143972,-0.8697520514130934,0.7325800704471529,-1.1683343934378296,-2.8079425869317607,-4.593825643863296,-0.21677022224006443,-3.0388265125201492,-1.3740028800454573,-0.6163888960520825,1522.7802406467772,0.1501861527894635,3.2563747568055987,0.02077040821313858,-7.022125942865886e-07,188.38284301757812,0.03096182830631733,0.21572138369083405,0.29582759737968445,0.48845088481903076,3615.9989498524847,3751.0830813975153,0.5091680892768687
-292.8685269669864,121.94312366307592,-97.90470451648125,-12.760533979578708,1.3408101338563179,3.874559940335916,-11.689944023746062,-5.258514675601199,-15.549751705370017,-5.466916158730698,-14.964166144988555,-23.313863878494516,-0.22140394844734562,-10.361786798702333,-17.121009342574446,-15.938638153601605,-7.012518911493229,21.077753840127823,-7.410015804520751,5.865850954960069,-0.8794195866144707,-5.5447455619809585,0.28699130201323614,-1.7616229570056836,-0.5891199406340366,-1.6956907982335023,-3.4287512994979332,-4.679370698318933,-0.839892039109326,-1.8708574602261179,-1.3553678395948108,-0.4280399119225326,1332.159961114629,0.1491680860166297,4.113640173338354,0.0036529507488012314,-6.849033430316595e-07,188.31072998046875,0.20576748251914978,0.18429775536060333,0.30282703042030334,0.5128752589225769,2663.001500406518,4956.212366780982,0.6504886794325516
-282.50813051354316,115.00889904395848,-95.4953377911981,9.315374379745773,-32.38842702896664,9.048554403247763,-37.23838245142862,-2.453192422096176,5.519436007650308,-6.603225993181971,-12.350769093158458,-26.76102351362666,9.72577521574129,-25.34918218000461,-17.41206717281301,-16.780008950443566,-18.980559609039755,17.916296936588118,2.0304260314427593,5.626153686736025,0.3116805994635503,-6.916076156704078,0.6500142090337644,-3.991660233315936,-2.0236415039585465,-1.8374782695681935,-2.5491962998051165,-2.2682148220349316,-0.9820839989158267,-1.6654836923588001,-1.6412531689011067,-0.4099295156335642,1423.2834977741884,0.14752988857281546,2.8473417283967137,0.00364528875797987,-6.681446988110552e-07,188.64329528808594,0.1264728605747223,0.28853195905685425,0.34947043657302856,0.3619975447654724,1754.619608273372,4854.651387820378,0.7345214609432118
-316.9202894429168,101.86196957887914,-51.42569911997313,24.32431275020705,-26.033494911911692,-13.193449728030906,-39.02874419608737,2.7680080463718575,8.097912960795295,-11.382194454704669,-11.0414791980036,-18.380901892566758,11.89631438212523,-26.3508854905236,-9.371252713328978,-7.394309300467057,-17.543185918158397,9.09659556271649,9.428701901640757,7.889859024196836,-1.6967481469695065,-7.2713263673890935,1.7533898239561259,-4.099829280414871,-2.0899025199336774,0.34633409801205717,-0.10291777305548334,-1.281142969866363,-0.34536684750147545,-1.0017100112758985,-0.8638649238894236,-0.7260638351091864,1388.4697468023053,0.19145874994134932,2.046729702502489,0.005634262226521969,-7.624006784291621e-07,195.35458374023438,0.0556594580411911,0.4763343334197998,0.312086820602417,0.21157869696617126,1847.9293432410038,5712.555520040246,0.7555805776140391
-395.0957030932058,135.1106923511557,-21.477693118752633,17.215231970804965,-21.76125544881159,-45.70963010754471,-17.693801847871498,-17.257000148163012,-25.016995876970245,-26.72714385802895,-12.48770048497951,-34.54375357377795,2.219469501223754,-18.264405234837927,-16.11808582798192,-19.031642484066182,-13.774585364869377,-3.0689630832539763,10.813449590336443,10.341205453912947,-5.134326448344103,-7.394143674220565,1.5545513131004092,-2.4686216428536136,-0.9169118394154082,0.010635279165921243,2.8617334674212125,-2.177747772670721,0.4684190647117073,-1.1037570965088472,0.800008510545563,-0.1875175650555374,837.4474028991244,0.14023531943435283,2.002962853759527,0.0012726401910185814,-8.806890549548629e-07,213.84495544433594,0.01218565832823515,0.5905478596687317,0.20631521940231323,0.20313692092895508,2172.250288765125,8106.045609672376,0.7886565720397922
-457.62652336638996,177.7349169074092,-26.699323564994366,18.953984437103045,-8.152611669007488,-37.20849715517151,1.8695814182333645,-5.6097645883151515,-19.192423011215418,-12.164870749155583,-9.410354517952706,-27.051274739745622,0.6049955893126604,-17.47961645278089,-24.403091112805818,-13.993734531135225,-7.795525744999421,-8.113510225791424,12.467059054416376,10.1821676779251,-7.385376126424734,-6.356595459824214,1.6575078446418683,-2.9052070917507575,-1.4059650498336809,-0.26408410772042423,3.615944592130576,-3.2033227656015297,-0.1565375699933985,-1.5625409739503637,0.4065747942256937,-0.1519101994123845,608.2796140494034,0.15744630166505952,2.5079211723059416,0.000171393490745686,-9.06460590972653e-07,230.30445861816406,0.02988957054913044,0.4462694823741913,0.4467218220233917,0.10700865834951401,4724.62501113348,8085.84178574152,0.6311902535600021
-476.8637206101607,149.81099279232345,-9.237542487964594,45.62847715491377,-2.9765737565438393,-33.61046680806539,-17.167110170595137,-18.86026857327399,-25.331760256863102,-5.245639823490736,-11.913792766872795,-18.514307925980987,-5.924093661249337,-31.704990852638517,-17.856296232920418,-16.66243200062422,-0.5873057314011856,-10.607876538789725,9.774873392563059,9.073224616405707,-7.113815371562945,-4.640824588710423,2.4255346861688007,-2.9170418873845074,-1.7280639926302654,-0.0664717554785608,3.799856906197157,-2.84815703327683,-0.4879330125472955,-0.6982040208605275,0.14986652057138727,-0.15615805058674925,558.4161207936328,0.1823296538510741,3.792083050124347,0.00014625514450017363,-7.320269876390189e-07,237.81146240234375,0.005861470941454172,0.3307816982269287,0.4495324194431305,0.21968603134155273,9361.410395700712,5655.443119924288,0.37660639854013445
-355.24183183386486,70.28050222641015,-2.271057086410555,66.5303669838088,-53.43545270626243,-35.653845873453136,-15.466706967926012,-29.31682797718092,-20.64858943377984,-2.557446394576631,3.492768068856229,-38.80833150035453,6.959553892663835,-30.994905177366906,-19.61838190821502,-16.07498375343532,7.0725410775326285,-12.35887003624968,5.749608198773128,7.795488599291435,-8.712188867891197,-1.4012816336431215,1.5738453635427923,-2.766599535236972,-0.14151643400103076,-0.14810979784852613,2.6260071351334657,-3.0505893004566067,-0.6175497615993261,-0.40198426886813066,0.16685372008129526,0.2713223108967337,1499.9617710917544,0.19781818544979432,6.124901982955635,0.003339091781526804,-6.211848784725824e-07,239.34519958496094,0.006799753289669752,0.3376469016075134,0.4239778518676758,0.23837518692016602,8744.542120081343,7691.5887392936565,0.4679683317869457
-334.6397782390059,53.74988592490083,-7.194721936585191,71.59749849327062,-69.23662011882217,-45.89604607945283,-14.726149655862688,-18.363686180382693,-7.903917382891427,-16.188331764038622,15.715055352594524,-51.02841701831734,10.334916117607204,-27.383099825791245,-8.130519549351499,-17.01793489132006,11.89366446854421,-14.364375764554941,4.346134943342079,7.244704965128873,-9.550757579984726,1.3467895837144648,-0.08813480986863777,-1.504434279667635,2.1849537761804854,-0.49056087966224576,1.2401994865535517,-2.731173171768399,-0.6519317150820815,-0.4161747742632981,0.8348753022712918,1.1808992944316299,1670.3731909917415,0.1913099932633924,6.799070732668042,0.0016941663343459368,-6.173964841517711e-07,241.25860595703125,0.0370684415102005,0.28734084963798523,0.4493386149406433,0.26332056522369385,7508.953351734925,9145.773210765075,0.5491397998306269
-331.09990177316786,58.30038868144041,-4.761639265673646,65.05404969132603,-72.79887847101458,-42.060514347160534,-15.624192484192267,-20.460515615093524,-12.119770117708136,-12.022098485093146,10.81503383969874,-46.95680684205479,1.4779478606012137,-26.592306925746005,-12.425430948107529,-14.29081208350636,9.054793880342505,-11.962356649241022,5.259552628886768,5.25853875212331,-8.890775632487912,2.475370689715572,-0.42110969889234745,-1.744577405437535,1.5437578112428065,-2.0481163116232217,-0.3154984539126095,-2.4213079737305403,-0.5532365954011583,0.48298906486864635,0.4029197160937541,0.7056209821490068,1617.6407373475136,0.19289327487811836,6.501432113349438,0.0017941213445737958,-6.375260140863789e-07,243.98428344726562,0.015930762514472008,0.4402570426464081,0.36767926812171936,0.1920635998249054,9325.838836960145,6870.356475539855,0.4241957041748816
-336.5071425471039,56.10594351856892,2.881165995793454,75.7812120220828,-68.96322733876458,-39.20897079753688,-15.558529942282506,-22.307319123438454,-13.430759214324405,-14.79163643820893,10.92754115603288,-36.869854388241144,4.574192034645351,-27.70300693987255,-18.0633961286212,-14.436544112763366,1.6351001803160956,-1.9034892602098696,2.5846283631113796,2.423851292661946,-4.385036127376211,2.042479789032581,-0.20081755163480325,-0.7274392608635563,1.016578566643314,-2.843517189003141,-1.345305144119762,-1.189618765848325,-1.1050974506134628,1.5406689768667892,-0.8747299788846035,0.7566404189812366,1612.1921343040867,0.20193046038921444,5.670557356439531,0.0019628170412033796,-6.380883979774515e-07,247.66653442382812,0.004302008077502251,0.4735702574253082,0.3650183081626892,0.1614116132259369,11056.436525444153,5366.141599555847,0.32675390908246005
-353.5928900789036,59.465021489414156,5.069732238208989,67.78986873941946,-72.42670402124173,-33.59076530134223,-8.885870849607533,-27.64201583555976,-10.607798211451108,-19.891185134191822,-6.232709610453479,-44.313872464329776,-3.6342025222892693,-21.825825764998847,-13.829738439871466,-6.533383916633638,-15.351462728710347,8.841850265014932,2.6784838703433587,-1.4617551850336075,3.6400292810801287,2.9639487950810217,0.5013003593290651,0.5381299180537334,-0.4076868794096156,-2.891032790323197,-3.6390287682176594,0.5731595073100614,-2.7081555676873474,1.0340462926164675,-1.6321928692053107,0.40875762110346375,1560.7790926379648,0.21814916403770865,5.366572871804237,0.001793955801986158,-6.493907969009138e-07,250.75965881347656,0.0011823863023892045,0.5345620512962341,0.3377007246017456,0.12773743271827698,11181.653149528443,6444.8156004715565,0.36563282707839917
-370.9297325773602,58.19503046944763,14.450830481912778,74.55160511053691,-78.98286665210834,-23.820166129037112,-11.714153530110142,-23.789878723183698,-6.763863184373482,-21.151659934197227,-9.519175271464128,-51.34951079031066,-8.258848981237707,-24.34901138391214,-13.219658590789791,-8.472402889880595,-23.186414421171474,13.90227806595766,2.1200152818094495,-3.4811473396301706,8.592379501718694,3.922134971282482,0.19725199090153608,0.006872033083738192,-1.5725849876553035,-1.5969453530070046,-3.9334608525953043,1.2874839780008283,-3.476229681854033,0.666201958532184,-3.0303227312911245,0.27683248171990393,1492.606438868158,0.215105613023013,5.620101908221841,0.0012532452819868922,-6.916707957710404e-07,253.0613250732422,0.0015565208159387112,0.6440528631210327,0.2847346067428589,0.07121248543262482,11748.559097916763,5586.903792708237,0.3222817774153368
-401.61273598630896,71.83026488103178,28.238319495494665,74.46404049222696,-75.0822490221775,-10.123971425243587,-11.61910453306988,-27.932715892492528,-13.600663800246668,-22.639404802123856,-9.87917705940308,-39.53136237298789,0.794572376503582,-20.256328008959684,-22.247876192351832,-14.968089244997863,-29.30731654295475,15.078284101415294,3.01036615595344,-4.78620642945806,10.782815897393334,4.69938965699493,0.514340966782153,0.38634035530155436,-1.849933403544894,-1.0471553050278168,-2.2787915532417347,1.6491864704864956,-3.8386068693228284,0.9081537585298182,-1.871634792687199,0.5055901062909848,1242.6895977746276,0.20840694558089182,6.393877477385104,0.0004925145767629147,-7.658650660207211e-07,253.80332946777344,0.0005710909608751535,0.6764022707939148,0.22139114141464233,0.10220671445131302,9398.105622848183,5142.042814651817,0.3536444512072621
-393.79081554547514,117.58260142394235,-6.630768562942474,73.87498334287284,-47.73693877605083,-35.27605304539628,-26.255653742781742,-26.301470223226566,-16.317046058186506,-28.38799310552345,-5.185359907907351,-36.31650296766543,-7.301899138186003,-19.357553587068445,-26.10947880942673,-12.355119639671685,-32.478748377413055,14.828174117063543,1.7680623657617687,-7.472615265926883,11.719947420727529,4.074573480519322,0.4766227498899659,2.6075936465869503,-0.714379769469373,0.7092967579319043,-0.7173216254280022,2.536214139611232,-3.2515065747830554,0.8518983605315551,-1.0613673290385677,0.350570394913595,860.7618696142785,0.21171044743472808,7.812531440518796,0.00028654930065386,-9.109361796024721e-07,252.53782653808594,0.00020357930043246597,0.7818945050239563,0.16265316307544708,0.05545244738459587,5628.6037827553855,5595.3210219321145,0.49851732965952467
-497.2884301705335,147.7465097398376,18.090840436393783,38.49833189853904,-11.31317939322162,-18.975081350863658,-2.2637115914050305,-11.1848011356062,-21.380323284671228,-29.87453321079852,-19.95856745260708,-41.337682562708615,-16.885220184781883,-25.509858814545264,-26.916767263573952,-14.593127600594588,-30.965206753274497,11.704469952661862,0.034565519682095786,-7.846568412674956,13.025291538394463,3.5839942404132015,0.4319552461663676,3.262517340863071,0.6613415094957745,1.8972918305195487,0.6158141659764129,4.897845755465054,-1.992638916045577,1.4930726415950724,0.5306489707845752,1.2467658431570756,454.79529961374965,0.11234317330654765,7.128430115059018,2.9229460778879002e-05,-9.374464908754541e-07,250.96754455566406,0.00013753000530414283,0.8275304436683655,0.11368757486343384,0.05878201872110367,2421.3250617219514,4990.480114059299,0.6733150690962775
-517.1478002825168,161.36982631987667,6.429967979052513,38.581648144811425,3.5855400674905606,-12.211253602533235,-15.75586014081487,-23.147640979614867,-22.355917503368712,-19.267952764224383,-11.238589072898133,-37.40280379093789,-23.20530121444849,-22.76700764662089,-36.58928250359568,-11.570746932160116,-20.82380921436174,12.196820456622634,-0.3806347737888256,-10.90444181230875,9.968026259045839,3.330979407450756,1.9124269116459602,1.890480496219487,0.732731676793586,0.42096664535107897,0.7976802143004835,5.138854721528184,-0.09312365541779663,1.489554521621178,1.6498333220651458,0.7034271743536651,410.4351962748296,0.11449318409775942,2.2073758328333497,2.0384188246680424e-05,-9.449493461802546e-07,246.74066162109375,0.0017308001406490803,0.80369633436203,0.12220443785190582,0.07409924268722534,1060.751838928793,2642.420524352457,0.7135559096717555
-557.6661158280857,146.53910123785352,36.49209724830506,35.97555001976491,-3.836459847830392,3.7381723653611667,-7.436784909494051,-21.63587836840397,-25.40034419903499,-17.5714334848639,-0.9627667070414034,-27.065644639206695,-28.880263871937437,-16.077847942175197,-16.839568590674162,-3.8557573451657787,-8.601345211236033,10.276336428727708,-0.4260228249662237,-12.298713797087682,3.9836620307385946,3.1478612099363534,3.7822011339175803,0.609044281714668,0.07841632467434984,-0.8833369231272885,1.197486115608939,3.536910025547363,1.176386603695798,2.0180637055194874,3.1862227290465963,0.41890385755254766,498.24871634544553,0.09920081434868325,0.15681332349777222,0.00017900286184158176,-8.982874478029038e-07,229.39231872558594,0.012293958105146885,0.4989246726036072,0.39956751465797424,0.10150782018899918,160.8565369142184,1937.8399962889066,0.9233540750797773
-573.6054914977786,142.65653632327653,12.382628740853278,14.529127704205214,-1.833169924948631,-9.678750621621539,-9.813998079081982,7.793884913992952,-3.3111042350733273,-5.025070289044067,-0.4051859039282035,-18.284586615171193,-13.370686317937574,-18.713134066266196,-18.87449872688921,-9.730776507621396,-2.7254028284269602,8.220572507136469,2.758640367785004,-11.48071640744625,-1.8855395910678319,3.0806269214175557,3.8230535997227433,0.610978828316197,-0.022770468073352035,-1.7939004097157207,0.3480663773996602,1.9871767223550374,1.5600402483336455,2.6783026610492455,3.69590819748026,-0.18999026403861366,716.1502843982894,0.21243222268118406,0.022497741505503654,0.0008277051383629441,-8.538162623656647e-07,255.27719116210938,0.02059287391602993,0.41318970918655396,0.5264894962310791,0.06032072752714157,60.244262096329166,2237.2257086067957,0.9737779980306371
-557.1982360825583,123.38471698657594,-0.2527066726688951,23.175779639790314,16.63688221124646,-3.13418508172404,-8.547766957662775,-6.328954523443398,4.132313279700106,-8.340745654218216,-6.775887031392378,-1.6061629247810705,-10.87663961716188,-4.893520647811357,-1.7130766533248716,7.359624817234159,0.36311033985553265,6.977494526809862,3.9962363758563093,-8.516143030025926,-4.515976724044482,1.1785622228898194,2.2994739678790603,0.5018705842798256,0.6241729065336992,-1.582099750976746,-1.004464496827174,1.228529734702958,2.281663913933757,2.703574562845564,3.6343062687109087,0.017433937133441685,1242.8159523887493,0.2382716689374907,0.6349499756470323,0.020377136766910553,-7.237446542864366e-07,200.08267211914062,0.034724488854408264,0.3946956992149353,0.48136550188064575,0.12393877655267715,402.788154148507,1914.850761867118,0.8262075462380649
-461.5959863300594,190.2463829154579,16.00256564632737,-20.24520314573948,-23.072885503387674,2.425220584140975,7.7411874606963025,-26.070400567088576,-14.57058652539543,-40.31839095458363,-7.020476766345899,-15.294557210665634,5.130859694409118,-16.20801155894936,-10.010048123576542,-18.663294951131988,-4.789706522804831,3.9243140714190368,4.735904728860091,-6.4541699726066994,-3.204051274209921,0.5688970351524246,1.9607959453600874,1.1018663953308132,0.5151748739683978,-1.71680886978575,-2.0080666183263043,1.3919929681742227,2.6405847610055475,2.158072831237187,2.764723914212964,-0.2785774821799891,691.011609666263,0.18268302218523183,2.0843865806236863,0.0006959493039175868,-8.808305948638533e-07,193.93408203125,0.024185165762901306,0.3583403527736664,0.48314401507377625,0.15851552784442902,440.5590242540861,1877.7488370740389,0.8099652631977462
-435.70971030658336,188.33669406909158,12.556584828130081,-25.7521203581031,-46.445711819720216,0.26441762185102047,21.272843740780928,-29.13365868835936,-31.251785178984246,-41.26927465932329,0.15976131571007018,-26.88948542043277,3.6528582995564745,-3.6691664257123247,-3.559649520341703,-15.38976871316348,-8.385763553682999,-3.0358383173259105,5.153535193694207,-4.090687180454553,0.20602862431449742,2.8351349127237384,0.1852732313725805,0.819694131739594,-0.1364010715177117,-1.3646418291614069,-2.673615972673234,0.4344862375365058,1.8918778419433604,2.4944954513447968,1.817528592136067,1.377425488129749,672.4481513492719,0.22555935688212583,1.336704638786614,0.0003089353849645704,-8.909249518687266e-07,186.1252899169922,0.08843772858381271,0.3260376751422882,0.4905513525009155,0.18341094255447388,319.6287509751338,1152.5553310561163,0.782888053962569
-508.7487747824527,201.79886854907764,43.29943080663641,-17.534555336070174,-41.45975605152444,-9.096421185234773,1.9669554652065155,-6.040495801422029,-20.53083651722244,-38.532896027347476,-15.708886895338688,-34.7639937077893,-17.973840794557795,-1.6391128303812095,-5.25993432899392,-13.865064296938268,-13.018096024234918,-6.916958289114705,4.922090099288306,-3.7891161179225943,1.030602256161615,4.640219646665661,-0.03228047769492021,0.5165054134360807,-1.8189294012709765,0.25749964046501606,-1.0122583525276327,1.0467087569353182,0.7356209704322555,2.0129842447038975,0.6705999205734269,2.2672917933760637,525.8083999196211,0.10275286287257308,0.30928878393024206,0.00013302729348652065,-9.15693443729923e-07,170.3988494873047,0.019239477813243866,0.41175469756126404,0.4049551486968994,0.18329021334648132,114.17653489840644,320.26389478909357,0.7371871329274409
-587.1216232504296,189.29088790642038,61.44506093726946,-7.599243039768448,-18.654303284072903,-4.921887750175776,0.19267551218276147,-4.272139724805367,-7.645949363720291,-18.485071274492796,-30.580252833955587,-25.724431065039045,-7.475804379527193,-7.63278286910223,-4.755256549856052,-4.610745225132847,-23.446137453634968,-12.64796803986615,3.5057264935631705,-0.5656222530746433,3.6351809297677784,3.0428318845945452,-2.027481263524253,2.1008017193767956,-0.6234109224654656,2.6731820914933855,-0.06762654351723907,2.3345618937072667,0.8195171424319543,1.1145195421979068,-0.14477010178561103,1.8879544925150427,473.4044888161104,0.1917974225464853,0.027199791744351387,0.00017166073666885495,-8.996004407378194e-07,169.43231201171875,0.020618027076125145,0.4669363498687744,0.4171912968158722,0.11587228626012802,10.621845470464047,43.94201256176252,0.80533184687581
-629.702257359488,142.36153700620758,40.093092237139246,2.714009869972031,2.2220951025532187,1.6764316173186924,-5.411645723426352,-7.024082633415135,-10.488199764583126,-19.348812348360976,-13.228535343677418,-2.968285278728307,-0.980671659542453,-5.572813156335076,-10.527296803208253,-7.428675977626804,-13.56573041154676,-23.632788276849624,-0.5680366952304563,2.1263515899795724,7.3074844667337775,1.9239031502955202,-3.6387336188177932,2.3164811644837484,0.9902171389279191,4.993829868579583,0.5370378252933115,3.4214948720639273,0.15354736772064162,1.009185132541208,0.5123367884516912,2.9064314903115083,775.033594416891,0.2171707131485504,0.006052962504327297,0.0022420845925807953,-8.178291704778685e-07,178.42074584960938,0.06379470229148865,0.21494881808757782,0.33383673429489136,0.4512145519256592,1.7973770840098084,34.74855950046285,0.9508186886972965
-614.6301040400147,65.38156909743941,55.33917743645721,-1.8135699240164243,18.45483113095456,41.52307115358186,-10.886113941697388,-4.262874322489646,-14.684344805001363,-22.67246529946906,-17.37520878379818,-15.109083884081372,-5.718849733158995,9.211749574051806,4.496520348226058,19.86467693691958,1.369380479358538,-31.307186407761122,-1.4531502881973828,1.6456347888263838,7.034886860434585,0.95708827622655,-3.2299765747493105,2.2754339771603886,1.2982807247362147,4.422869302253952,2.1043134842985913,4.377563221443666,0.9193193539038353,0.31546697999802464,0.7600168338126645,1.9742034051462405,2362.0695905119646,0.309225198414553,0.0017527127638459206,0.052381351590156555,-1.3081076745153822e-07,191.4652862548828,0.23275226354599,0.08700087666511536,0.23242205381393433,0.6805770993232727,0.7236342619555467,100.08391426099367,0.9928216262317815
-603.8969171425342,106.10839739870136,20.252684825642476,-39.58342772921806,-7.33294020918777,28.10257272830176,3.302013642731049,-1.746632742906379,-24.425204024834006,-6.594626097449648,3.149462948543836,1.0888359035167041,-0.366782827709206,-3.4240181525647797,-12.915171572256565,6.587745944495229,21.14534207836646,-31.48510410435808,-2.2883527757069584,2.316139377047276,4.964419529489253,-0.28094085989275297,-3.62710003351209,0.2908341101472844,-0.9341049472386934,0.7937464308160024,2.851186394355043,3.0982587700395996,0.6440094320803538,-0.29928851218426095,-0.10870736633368078,-0.2665285370848586,1768.1318814504873,0.2707147205966784,0.00046751368790864944,0.04617917537689209,-6.763611234225006e-07,347.8038635253906,0.058800920844078064,0.48078617453575134,0.18874894082546234,0.33046483993530273,6.197747366238415,354.53107343454286,0.9828188184340801
-682.4660322667521,73.10558089769478,28.555889684503036,12.163697762725707,15.988902923256381,-0.07226088743025838,-17.70647640865524,-5.249250075864712,-8.62226680785422,-7.630263524341672,-7.270342808479457,7.2855927697502185,5.976911143510074,-3.2207554880247926,-4.417029909329318,-2.4956583716300234,35.05264137527515,-22.421740516957527,-4.9623367071241695,4.740243649016868,1.7542975778428067,-3.8351848001882782,-5.03042916881761,0.19974563607359527,-2.272550200271029,-2.085325605210062,3.103357685926287,-0.03131423234278535,-0.1967731434552594,-0.07206324806670657,-1.071764843754844,-0.8719277898405342,2140.4941350454465,0.2657492984657619,0.02218106295913458,0.08267245441675186,-1.2490516991066894e-07,6495.98388671875,1.0,0.0,0.0,0.0,0.0,1226.065185546875,1.0
-425.56350965569715,1.0004589186946728,8.532380441290844,-7.208774969031568,13.372728915461291,1.325540037827046,-15.503158434785684,-11.385737439040103,-12.982685605698116,-5.562487735830973,-6.1227672282847045,-10.183694373236403,-3.551737067762806,-4.7252232237936145,-0.16728660794966743,-1.0826660138393238,38.89090261577482,-10.20805645888935,-6.098891270545978,6.485266244289571,-1.1956968585579948,-6.799257747354824,-4.768433947835568,-0.09707293394795083,-2.49486801507545,-3.679654514328722,2.1986705209986144,-3.379754111452666,-0.20440190642960188,-0.9729202422418376,-1.5218402114928011,-1.0555992966379601,4085.26099055404,0.2692210315917859,0.09916362725198269,0.49903592467308044,3.8805019683345486e-07,5582.47705078125,1.0,0.0,0.0,0.0,0.0,1673.585205078125,1.0
-436.3370825073492,-63.51635641829858,38.23930575843594,-8.119044802435859,3.020383085829833,-2.2270778611656232,-7.303058336584922,8.175974900162506,-13.466277704454583,-8.269991781954804,8.785419244105062,2.8194461873516548,-0.25375915645918734,0.634208627836056,4.448972568063783,0.07483474442399385,28.7314357191182,-1.2500501487454634,-4.478286021945349,7.625301347566299,-0.8382077304585015,-6.740667521775258,-4.69177165619786,-0.6506338469739604,-0.8203681942695852,-3.180366615251764,0.7269210059278979,-3.6800828752788752,0.05402711725679302,-2.3884926840497496,-2.289529240441884,-2.134308638043555,5344.862254856465,0.22522730747700964,0.2435349663719535,0.20998388528823853,3.274181951431234e-07,238.52536010742188,0.001981146866455674,0.4386537969112396,0.4070846438407898,0.154261514544487,693.3692934631065,1131.924529779081,0.6201327782770306
-389.7674409594773,-12.122723679061584,48.85463339106994,19.064462139455784,11.791687258857792,-4.757362700384823,-40.066897678479926,-8.586648776782418,-30.44544104898141,-44.94172193455779,-8.544445590084583,-11.688984712692191,-15.368640745710586,-9.644352836600419,-16.74533419567946,-18.960098485135116,24.60959329031888,5.967767473455879,-5.399638820151683,6.678314567421145,-1.7330608023006537,-4.227706622096743,-5.11204894569933,-0.7425151855493062,0.2241407521679476,-2.5479339768803415,0.1136322915935927,-5.963661232936992,0.6650924909752883,-1.576939798318558,-1.7899599128140737,-0.9696463881411997,3930.6505815070223,0.3118579048846788,1.1195757752284408,0.19301603734493256,-4.791430346739862e-07,239.88453674316406,0.047886040061712265,0.33241239190101624,0.4847595989704132,0.18282802402973175,1138.4763862905158,2036.4200980844842,0.6414130690895162
-375.0129775593526,59.55392304388016,-8.081133599942532,46.30064674253484,3.023773007740867,-29.054981334729874,-46.36255783696825,-3.913679013468624,-30.23593455954437,-38.02954451215791,1.694788669999591,-25.79975244123615,-1.5727314450664864,-1.0460050889887342,-19.33139851282089,2.7714288937218123,22.394932667136107,14.04280941852047,-9.616376530925484,2.17807130057251,-4.712320088940361,-2.076836902440797,-4.232596002284684,-0.4157173805638405,0.7715997889269959,-0.6807658659775689,0.7792739944106541,-6.717395451923879,1.7379904206767547,-2.789717428802897,-2.1608952592618316,-1.009281777548642,1541.2654028919255,0.23111290685944708,1.4267328353598714,0.006185583304613829,-6.607533997360065e-07,240.6353302001953,0.06267844885587692,0.24573546648025513,0.5424185991287231,0.21184580028057098,2115.1628656679873,4093.9343023007627,0.6593445377889063
-394.64853851474174,86.88246953091665,-20.546871844947553,39.65408174135559,-10.460247958072575,-30.410223268992706,-31.247220876918796,-8.678371351468948,-32.02640643858382,-43.6923406708178,7.28203813712154,-38.14114857894811,1.9023075619371448,-10.326874479629623,-15.785380137451877,1.6885695410037982,9.832102840612809,18.00281791755978,-12.413381379802129,2.5828474410036293,-5.396549569436042,-1.7101342443212184,-4.072450430596054,0.0491031084496967,2.965098959966969,0.792873242564843,0.906499511147187,-4.9434620575778165,2.7145177902865663,-4.170726146754084,-2.1080441907712957,-1.7028617080027164,1323.200075093367,0.20709006862560678,0.3541488153859973,0.0038447550032287836,-7.276823181992091e-07,238.09100341796875,0.020962342619895935,0.21057012677192688,0.5459469556808472,0.2434828281402588,4190.192243793085,5308.897599956915,0.5588848707910627
-503.27039675184096,71.10688734344237,27.00250301499753,29.50103441952136,15.105021357649278,0.30974123312663915,-34.8817873698478,-10.191135767439587,-6.116443172066872,-17.51022955462956,-13.447971235102546,-23.96884346105874,0.11878644723336373,-21.29609123771212,-16.09206563582747,-6.639755845967134,11.882363971481753,18.026962950959728,-14.265020228934455,2.1650654946720547,-5.863849933593493,-1.2619577231261099,-3.951113216109314,-0.5147520679916062,4.3625082463909,1.3692354018792163,1.0097564957168492,-4.284124768370597,2.655576699301532,-5.1625175424607885,-1.5188949100955285,-1.3695232572182265,1351.2468293590548,0.20268099494890707,1.4275164175778627,0.003917382098734379,-7.719154971788863e-07,237.6008758544922,0.02276361547410488,0.2298402339220047,0.48340433835983276,0.28675544261932373,4456.9864436959415,6111.1209781790585,0.5782606794410138
-399.93825623141134,123.41535449457314,-33.4571214917898,10.551937048066094,-20.750300113203064,-13.024670671766117,-42.86033122570207,-7.5092158228426085,-9.22818583894,-10.898846577894648,4.557423603238287,-43.79172865742862,11.605918816429499,-10.300734257953447,-17.254153934621776,-6.9086430866159505,4.6035186894184505,12.65072776406971,-10.54448776597982,0.788658527270534,-4.1723585186936525,-0.2610213791407822,-1.9576150476216987,1.60064268827871,5.5757689336721254,2.642882448852597,0.662828176101784,-1.5909084202085133,1.7309537247021543,-3.9162794941192023,-0.763241186638293,-0.9682601472938073,999.0703855576613,0.21415598810648842,4.665680684149265,0.0010340791195631027,-7.645453890415607e-07,235.96243286132812,0.045486342161893845,0.2732824683189392,0.44850820302963257,0.2782093286514282,5397.755092614353,6100.939243323147,0.5305766954997271
-331.0740508168629,99.8736303102279,-61.22885414884512,7.55678874703654,-29.58296197102787,-15.317350796841493,-49.09309153349702,-5.185916018997758,-3.143820717811128,-9.531708812055067,3.5686982918403856,-48.26212750519461,16.17451566175895,-29.74910330091697,-13.984777715863967,-15.070273941616346,6.627246793313606,5.731187256600159,-6.336112835011224,2.3801338815095328,-4.46873436694345,0.2686510794099422,-0.9876828301851434,1.624018134732031,4.645656207895488,0.5950151532380074,0.37411790595182987,0.17401875494857907,-0.23653776024801793,-3.6766482802265408,-0.14779076787694262,-2.2564753598436447,1222.287083157456,0.1479467998091054,7.567287463694811,0.0014633151004090905,-7.145121322521643e-07,234.49452209472656,0.03983699530363083,0.29500219225883484,0.4174176752567291,0.2875801622867584,5245.063927949457,6547.718298613043,0.5552310025588973
-319.87947838028066,77.84295747398855,-70.68225203758539,28.233227110366784,-29.872324234882697,-17.7162955815078,-46.720865839211456,0.4028750885983835,7.113455601933722,-14.874367742496805,8.622021532735703,-30.430800240170072,10.934664418727067,-39.107919230682725,-18.518060106350482,-18.939691633687154,8.10923596033787,0.9034152930257473,-3.6852839581145096,5.353905042975895,-3.787360956065365,-1.0276690430341084,0.08835946026007857,1.1414514678878485,3.5123594946435595,-0.16159619132214031,0.9860143111434838,0.42986281734559006,-1.695311327733393,-2.6625981257719724,0.7889586585975458,-1.6460322190831533,1331.9291106408173,0.1675507909311066,4.859191806986928,0.0012440865393728018,-6.904103647892793e-07,232.56153869628906,0.028796792030334473,0.33858078718185425,0.38460373878479004,0.2768152952194214,3523.008845897223,6566.468693165277,0.6508234611497459
-331.1646288115979,110.12075210722168,-56.28191091792745,44.12782906053324,-34.81347676960017,-22.65244746546587,-57.31073602221578,-5.943619398139208,4.556561432444965,-32.72926777109453,10.801115160292996,-34.74223114099951,8.552886092699733,-40.360865662968955,-19.31102359955186,-9.413164677861351,7.772233524539349,-0.01744413934374467,-1.8244351832731953,6.74604007894004,-2.9992750084966247,-3.231791927069206,1.90784510212148,0.48769024909834285,0.9713430927890219,-1.5809123728450643,1.261175030258818,-0.022531204221443016,-2.201648356142681,-1.6115056908032517,1.4491138212761565,-1.063283175236238,1308.420648781233,0.21667286177986522,1.84941671974957,0.002001725137233734,-7.782309385004606e-07,225.9528045654297,0.010921070352196693,0.3670230507850647,0.42348095774650574,0.20949609577655792,4073.847850146728,3031.936817822022,0.42668571586320353
-434.0345387299917,137.04114127124555,-26.036570722859054,43.720442043630605,-1.5377192179668588,-15.914774625694982,-49.93034123181111,11.153518678757038,6.783634328285721,-25.677309407370508,-10.355926895820694,-26.627605149352423,-5.528658760529299,-22.398624426575502,-27.369715175747203,-11.923795404597065,-6.324726982158959,-3.5003224325391984,7.717481575618843,4.9282981875182825,3.0043202275068275,-2.823761292169359,3.3524815208389906,-0.11024184846200862,-0.5028594346880486,-0.4778175773869056,-1.3611771061133455,2.6605410053134837,-3.6616464538534355,-0.48266178438367036,1.3348665953281875,-0.3188552459361115,807.5669640342919,0.184081521942003,2.8091896157711744,0.000505977077409625,-7.739638093369087e-07,224.83148193359375,0.010621468536555767,0.3815748691558838,0.3680668771266937,0.2503581941127777,3657.9406491303657,2312.2322024321343,0.38729736306160417
-352.1323539311153,99.78889496089235,-48.05706236376584,67.21916490239045,-43.45938395744552,-23.242801049322356,-34.98585204401482,1.4708945723319056,0.9194653212614373,-34.01219126179025,7.394338353911586,-29.77816695354849,-3.596809330244498,-30.407733376366686,-10.934553227459162,-16.47196124201729,-14.621811591839919,-6.0100138258896365,14.733265694301503,-0.5995584071916067,6.236748669720024,-1.9775709180942607,5.302412034758284,0.2704504022051356,-1.0651488290027062,1.4143359936891384,-1.9673703465226546,3.5701487334397686,-3.6378038010362808,2.426134937061757,0.7674542753749113,0.11659016825514487,1312.251240945534,0.21364038399878854,3.0699545303359628,0.0015698450151830912,-7.011657999252124e-07,224.4011993408203,0.007290584500879049,0.39676257967948914,0.3601507544517517,0.2430867850780487,2965.5607004505114,1913.8851003307386,0.3922341139693171
-369.29274547724407,69.54751937563071,-24.47846837478745,65.94704694768573,-31.646020060706974,-24.882026058547055,-24.25436434215814,-9.44506349399431,5.451048989896448,-20.551191105781584,12.089091644929535,-39.29824954448383,-10.267969340211142,-34.73022908739425,-1.4297924732802394,-14.534460855154073,-16.639626035262495,-11.87910537742062,15.016176069751484,-6.812044311308837,7.7771575646056155,-0.1564218246220355,6.882823749928801,-0.9881245976930542,-2.4424454039547645,3.389120755370556,-0.9524178504577182,4.532006353807401,-3.1242593499186624,4.156267213090219,0.9975566655015652,0.6510443461772824,1332.7914884988788,0.20042764496040494,2.5698838038370013,0.001798388548195362,-7.030327545296675e-07,223.69158935546875,0.006301123648881912,0.44421789050102234,0.3423185348510742,0.21346375346183777,1603.6756403051047,1581.8932073511453,0.49658107641120586
-370.6031103048223,96.48892331784654,-24.845330793073387,55.44231136791428,-21.857754070192293,-35.76177624553851,-26.469836897274742,-7.439962470805166,-4.504910602983167,-19.043680110304294,2.6525702636147797,-37.86969990761646,-2.4990294866105405,-30.994564140982238,-5.535827889544503,-17.92277055517916,-15.496558029988652,-17.39135133728847,12.045709171882674,-10.720445722701172,8.104893153172435,0.8950458900216188,5.950224980053202,-1.0869347236633247,-2.1834408436278085,4.121984279140561,-0.8976607890896597,5.1532802682661725,-1.9184835613449305,4.339620686303976,1.6239334551735467,1.730950808557661,1188.7441186723663,0.21201912552407548,1.3805959271267056,0.002045238157734275,-7.801995940956108e-07,221.66940307617188,0.0017928194720298052,0.5085851550102234,0.2947447896003723,0.1966702789068222,566.5085838663479,1036.6416846883396,0.6466278957261561
-435.2138015194651,80.17973158653244,29.859355655724652,23.932524016058224,21.56892208364613,-36.317317333299975,-26.35502113336084,-4.401967912238611,-14.009782611567179,-7.77298921069499,-16.05497782179425,-8.48522567061587,-15.674878394889735,-21.28369353695436,-14.206118783996864,-9.990015563713069,-5.277666929924008,-9.323202097787743,6.465426784903615,-11.227134015042424,5.25241495365835,1.8745489531138548,2.340210643751255,-3.212822327213375,-1.7127075734115484,3.0860644295520787,-1.0366057701627411,3.1722194007642184,0.10219270105853284,3.096469168174376,0.9846158810611632,1.909817811722959,1223.9276088230934,0.27073441538065307,0.21363284345716238,0.0031091715209186077,-4.168405213107601e-07,221.07064819335938,0.004043748136609793,0.5510807037353516,0.2589748799800873,0.1899442970752716,310.12941638233195,1174.1126490473555,0.79105199643257
-460.366689906648,31.660162206066722,68.2561098462499,-9.424952419810442,26.436547196856928,-22.23367100616192,-6.670738326394507,8.37228934422784,1.5852578595853495,-1.767026211361706,-8.971089576950408,-6.437681948672424,-11.724598808997047,-8.325498111075571,-19.079498107625938,-15.126209168971581,-3.8711216598293565,-0.8440125041033619,2.233897310908746,-10.94150984356826,4.627819208604085,3.832060466514193,-1.084721124974512,-3.6753744128852195,-0.8559475944356852,2.5261480355287476,-1.92135676794491,1.5262498837984202,0.9563444476875881,2.8892426569879466,0.4367890413808436,1.364172659211934,4250.315370958318,0.3649026229754602,0.03774946741759777,0.11355246603488922,2.098169573440988e-07,7840.341796875,1.0,0.0,0.0,0.0,0.0,2230.544677734375,1.0
-467.365002599767,-12.242483008336507,27.405977353588817,-20.944679051602748,23.89379313673887,-7.045690142459755,4.624828301944434,-15.150467877290616,-15.54194532675542,0.04647453205265606,13.199874814363472,9.272576671844334,-15.922447297508537,-1.201194451906182,-11.659833773125287,-5.493430664846781,-2.2881784697215637,7.182610721478465,-1.3773213281346588,-7.5928977002348255,2.0594147180158155,5.250541544653691,-2.6741732846556614,-4.469251903503217,-1.0587069440115862,0.7876729034301213,-1.6691738267630438,-0.752226621282636,1.7594316577057532,1.6287829458185226,1.0791459339938139,1.490637049404685,5125.9812230934285,0.2925800011301079,0.019968709908425808,0.1999087631702423,2.7209805074066284e-07,245.89486694335938,0.1309441477060318,0.357595294713974,0.47117939591407776,0.17122521996498108,114.48957458800231,2486.736743771373,0.9559863077733997
-468.0177193607745,-7.38048641773138,12.580773490340793,-19.35432656455194,19.43458514871751,-13.524314680459998,-22.60613113274393,-7.231121617440223,-6.91855484948735,-9.509474537539429,-5.1119166265780756,-3.7416619538095346,-7.013403921693865,-5.567379369666849,0.5321211938474495,9.919336536307739,-11.484064735542972,11.019118817542168,-2.880704120767615,-3.020997604138584,0.19990100968036728,5.046545721493204,-2.631714766097141,-3.983649106224157,0.9447673865305739,1.2162054338166164,-0.6840977183427313,-1.5544729723189397,1.9639155158075625,1.1971803731234796,1.5926671062844873,1.4015056985207994,4564.623519935413,0.34088163585964065,1.069252627901733,0.33457857370376587,-4.689492194542033e-07,233.50572204589844,0.010245764628052711,0.40847402811050415,0.432376891374588,0.15914908051490784,922.4417586381193,1665.4217667525058,0.6435508481851333
-354.8084951448895,134.67233730832584,-23.751128863903794,-0.09377063522347656,-9.765453658199135,-7.385599373521741,-43.501343223766824,-31.61266484922458,-4.054509102142099,-12.38137680093023,-14.174798837470231,-30.715110485593478,3.700309008181044,-17.013636234205457,-12.699544571366832,-8.289657004202006,-4.592335738541985,11.340476843558601,-9.159295432171573,-2.0876055062487486,-1.7944583595354413,6.134515072830097,-2.1344313989865107,-3.272503060689945,0.2505095829485668,-0.2630986576133124,0.685510846655722,-2.94076998162634,2.756640497799931,0.11896152711300412,2.881612112821742,0.8555633443850756,1012.4571587894632,0.20461731494567137,2.282051711343229,0.0036387986037880182,-7.645752932719749e-07,231.1067657470703,0.007790508214384317,0.3948211073875427,0.4183708429336548,0.1868080496788025,910.6896512432935,1751.7295382098314,0.6579465567064389
-364.31726177977,113.3253524663268,-33.193814899470524,1.2447501691968625,-11.679908002993235,2.6791483543722214,-46.49824999851771,-34.45131603994314,-3.200717224195775,-8.969300179566904,-5.159565017405235,-34.82524255325848,2.591228066971542,-18.090755318358834,0.3990506724045624,-15.73817401251236,-4.967362186623247,11.866617294813054,-10.002351602743216,-1.0349509737741145,-0.8342543047069924,6.995807967314289,-1.1477260749646008,-1.67170002742133,-0.5081342523007112,-0.9624778551588267,0.2151934482587063,-3.0457505981306032,2.3517494277983153,0.017467612340644298,3.6540075418412306,0.683048872369982,1076.6867357817623,0.15109527091308533,1.4186390303075314,0.002542376285418868,-7.898991422197888e-07,225.61532592773438,0.014259233139455318,0.3348347246646881,0.44621050357818604,0.2189548760652542,467.388325089351,1154.165141707524,0.7117650853581761
-446.619704740613,147.17321763150028,1.8471511317820415,7.197243205027674,9.02949454208845,8.402205600010639,-36.78864453927048,-38.719125660779056,-14.259383781812252,-12.05207662572076,-8.9942970255062,-42.424054470718765,1.4404199368274022,-22.800899853810602,4.650045683481802,-0.9249182271592656,-3.6820904538142356,13.561576754437334,-4.969948776314794,-0.49749716429426016,-0.36981597565765123,4.928407715251406,0.16936674799995538,-0.6210026482584567,-0.6880841051108829,-1.492312292836521,-0.8123910406181147,-3.1100681631075235,1.3033365284456442,0.1520429039136758,1.1652929605792623,-0.47600837344291974,767.7850865290868,0.20790712831067704,0.11253027059137821,0.0009077916038222611,-8.658828024294739e-07,217.7994842529297,0.02955899015069008,0.4419689178466797,0.3695935606956482,0.1884373426437378,233.43600217946772,810.3890710627197,0.7763648257131814
-610.4734948492644,133.9692908379575,16.46749971560275,12.131229515509972,18.018371029841074,-5.974664995625021,-26.175042116810197,-15.929478817693177,9.374929558396477,9.116816775562596,-7.966499975556385,-11.54197080067088,2.0596269873083424,-3.0632147572714157,-5.267291336341068,-2.6939690731733283,-5.395144496452942,11.028668958156924,-1.6799196624852124,-1.7339186454901534,-0.8774645300133707,4.795757625124505,3.962502706306026,-0.9279150613976006,-2.9215353973088027,-1.826901577115203,0.15094696172361932,-1.7692137274794706,0.07184197556066041,0.25351647193548876,-0.27795464131343484,-0.10037553849299088,908.5055267087833,0.17019992120064434,0.06764351669698954,0.0034436353016644716,-7.605924231569805e-07,1295.39501953125,3.5323559131938964e-05,0.965644896030426,0.03435507044196129,0.0,5.267033251432981,1403.091365186067,0.9962601612932641
-427.81649721546074,63.67072772506037,-44.46555802050733,-42.76942534091573,16.176451401129306,31.73134062130555,-17.063498138295813,-16.67381020377706,-17.665132820241503,-13.968119325694325,4.5832406946376905,-15.149348034868325,4.253968110545854,-9.515286457487209,10.537235731922777,-2.3506240514243615,-7.847955013513198,6.545845069604941,0.3924853788701862,-1.2133513571216463,0.8856887811610306,1.6143553871344436,5.240998896798581,1.6793361922267176,-3.7251442085022366,-2.197101732856963,0.6166575015714226,0.47601950851112684,-2.1074634827628764,0.5161115319045766,-1.1051590149286898,1.3806820495890968,2140.003282103862,0.21827253887315817,0.11410942580550909,0.040351752191782,-5.391275817719076e-07,211.61509704589844,0.00921164732426405,0.5448498129844666,0.14299800992012024,0.31215232610702515,190.5131858014312,1731.0255104876312,0.9008538385569042
-470.35781160105057,78.92440486957673,-36.218445775878635,-26.146188809531168,15.720108937325545,45.89889934492783,-7.514103799774282,-9.434910519212178,-10.039888838835132,-15.08871934578725,0.8514539582226686,-26.980106970884975,4.447787865274188,-1.633181323076567,17.645121592588566,-2.772112933008816,-3.809531234690413,9.352362080900809,0.7300963437468627,2.043328931662316,0.6800380145722291,-0.7619367020005121,5.4339813741652545,2.373481731727041,-4.735108976674048,-2.589271604943398,0.628141055703173,0.6207084521636057,-1.8089985437687028,0.21181047182201512,-3.112836191290215,0.8695363834839054,1958.5220800416819,0.20630801212125285,0.5723170908167958,0.03620779141783714,-6.020264451522177e-07,194.4375762939453,0.04159915819764137,0.3982807695865631,0.4837074279785156,0.11801179498434067,666.3992442796674,2283.1212635328325,0.7740652277159789
-422.79823092411425,156.79232004146743,-12.601953916935049,-4.697032316014373,0.7368883725452756,4.9179984073561,-22.453415490945865,-34.912552553124755,-19.860806248006185,-21.881934230709614,-12.135804760024982,-33.55331117547141,-5.112222492316522,-9.377259456774741,-17.216994312950597,-9.34553687572674,1.4171409492443596,9.28061319300054,0.14763151355254356,4.866632019691347,-0.3316231887500901,-2.3219849477835184,4.5976498804115495,2.2324058350761105,-5.324615802508647,-2.6026422872956,1.4974040804270219,0.17271638581235843,-1.6876637322120809,-0.2789641740515204,-3.8867289281041595,-0.16931081795932232,764.0198908714715,0.20502531297477825,1.4384492179378867,0.0013384039048105478,-8.751605160767178e-07,190.4159698486328,0.0209537073969841,0.5988609790802002,0.3088241517543793,0.09231496602296829,1690.3324053580927,2326.9844891731573,0.5792384694224316
-449.6331119437978,179.53565717975124,-7.889409930887545,-15.72352336046119,-17.090887009460968,21.742192110147634,-3.3778960373846685,-36.694463385095084,-34.61583988279432,-26.248859863829367,-10.77685167665765,-38.892461748742505,-0.9580426054917186,-19.04210522042954,-10.343944091868497,3.079009278870928,2.0803559565439027,11.326314452129528,2.212715941993797,7.401464681003858,0.20256627856613832,-3.124659052886464,3.787379765677547,0.7585928009972358,-6.683309282365018,-3.0192968764348116,1.6945187974176905,-1.5738467214020455,-1.714527383416659,-1.25068774801297,-4.225567887845936,0.28973121010560976,639.6736644683187,0.1740730467405533,1.1288405247032642,0.0002767637779470533,-8.987935142818477e-07,181.78582763671875,0.00680210255086422,0.5030465126037598,0.39894944429397583,0.09800403565168381,2995.5296242324644,1552.5348288925356,0.34136165942542446
-455.4805904448694,192.1539551044432,-16.446113010059342,9.948656496976682,12.298980921967589,-8.693838872147595,-9.059474346059186,-8.267190085407263,-28.715914403321857,-21.41192019775593,-1.3457059356449528,-21.10024106638371,-22.570409233834148,-15.627779386150426,-16.014266956108585,2.537531560339584,-10.769745479769087,10.760198183239641,5.327877152829987,9.481196131140273,0.5317710295516003,-4.493220965550012,3.010356236036485,0.8073670326396756,-5.45536961876596,-1.8356267326420757,1.5943805587582909,-0.819445222012413,-1.2929357230583947,-0.7168269380604216,-4.716141938222688,0.8498298356834191,595.2681279646944,0.13997290792754438,1.6616080272942781,0.0004109574656467885,-9.092747703017214e-07,181.7811279296875,0.012839130125939846,0.47468799352645874,0.44218355417251587,0.08312834054231644,2602.4259901963615,2206.7561387098885,0.458863083068923
-496.4893240475038,173.81164932513303,-4.30986783953447,34.240402356930076,17.48306720747788,-3.082961820915745,4.1634992675023685,-6.745863874528496,-40.8406508306377,-21.127199528741677,4.111044714962724,-23.2312395648691,-2.6852457644472034,-12.338500110372792,-21.3183738282738,-6.429726570824452,-6.258571572847714,4.971842455852086,2.584251936626827,5.480363503245068,0.039358033735484216,-2.7282754484107192,1.5143973169705036,-0.4617809751801969,-3.498547855836715,-1.5406256957759616,2.4665459040256676,0.14604992850606507,-1.5729815535113922,-0.6387575090602912,-3.7266290512415403,1.1179950941567647,492.89629139041915,0.11136279669480183,2.0866600815206766,7.654531509615481e-05,-9.210482781928281e-07,183.8938751220703,0.01503068022429943,0.5472003817558289,0.3707057237625122,0.08209386467933655,3133.8390889690268,2002.2483133747232,0.38983922128370274
-502.1998469028769,167.10621989389162,-1.4473319650486658,34.65013658811907,14.598108803886984,-2.344579442352456,4.3861337919526004,-9.509171184725087,-44.79755697513633,-21.896763141385204,10.280155386871193,-25.11282190016265,-5.552235192655659,-12.62042101108752,-21.33955860400107,-4.569620732162668,-1.3021661102944775,-2.8093950756477057,-0.4458127782802634,1.6023687978941923,-0.9942943370523136,1.3420971020772563,0.2561807091684482,-1.5145751065743807,0.5760207919587843,-0.5385769936974399,3.3853662190662743,-0.12739474814496043,-0.6713360032536508,-1.14871338197037,-0.7909276252307754,1.1918858171774338,491.7110146782155,0.22606846130395322,2.178593893535435,7.10917665855959e-05,-9.213845221888662e-07,187.18292236328125,0.018014030531048775,0.49217522144317627,0.3811401426792145,0.1266845017671585,1776.7997424296796,3650.0889294453204,0.6725932942685938
-502.24429713212834,170.00335749975483,2.401320109024681,31.23381049731329,18.468619883833142,0.6062791616192507,5.36114360080669,-17.92993000629484,-52.91123352617744,-27.32441692595262,8.851275882068803,-32.66476745301068,-8.372567786300298,-12.57939068627369,-25.562148030866524,2.1742862988557836,8.142541109532637,-6.10301754587214,-2.202367755927373,-1.0085515531305653,-3.283090663836945,1.769782668466856,-2.259728073119185,-3.9886942105445042,4.35217495766634,0.06310939927470569,2.475334393587675,-0.627207557771174,-0.8336189725349912,-1.9259587218137664,0.10993701276908023,0.2012348427374357,497.47632677396416,0.08871017527930168,1.946867885068059,7.505901157855988e-05,-9.216959403906078e-07,192.6041717529297,0.06192125007510185,0.4026794135570526,0.31165528297424316,0.2856654226779938,1323.6471021856376,5208.613640001862,0.7973676871719025
-514.0329542483809,153.03853803846383,0.015578359483503945,24.248951264640457,6.517534864617041,8.140068683156937,3.130286384144723,-18.38088066071142,-53.317590485698226,-33.598747758635554,7.569128461774259,-31.313081187082968,-4.872993856740756,-12.112354006353485,-22.994551544199634,6.676249950570276,16.75342826460363,-7.664085457741854,-4.470125434515342,-4.462168367879261,-6.985127039179681,3.548366344624645,-3.5307541641550295,-5.80907546081571,7.466347475554709,0.6379470798980312,0.8621758115781653,-1.9124184439940064,-0.36021836512315303,-2.499952333804641,1.503397029605659,-0.22618073305471198,497.1592030137193,0.22406405885907402,1.6236031437292695,8.725342195248231e-05,-9.254602624487943e-07,208.4871826171875,0.030301477760076523,0.44303104281425476,0.416339635848999,0.14062915742397308,1993.4326328495401,6849.59080465046,0.7745756700817814
-457.82493599189917,167.34546185224684,-15.81287621499894,4.69573910198087,-6.379540842822932,11.538856528731833,-11.716842305133307,-37.832150480795804,-24.257411033471634,-28.751505369513275,10.350413492265977,-28.580232474006507,-19.87363783396885,-13.146419907640528,-24.98072137112561,4.210622922753021,24.70857022559088,-7.785174075014634,-7.3745277221544105,-6.720385752959284,-8.358664225656291,2.5299743907821,-4.679475108678248,-4.437622063907876,10.573479300280955,1.5213179941917339,0.05483495911215322,-1.6069252421380502,-1.124000878187779,-2.5364617685992528,1.8918322768188032,-1.2528389225890468,638.6464587027756,0.17833748633809934,2.022240954451263,0.00030082667944952846,-8.529617189378746e-07,217.5210723876953,0.007783345878124237,0.22439463436603546,0.51549232006073,0.26011282205581665,6854.553774628834,4665.606381621166,0.4049949235375819
-405.47192936954355,144.30382189171442,-23.255188549966668,-2.3744466133607305,-19.56670144863149,23.36269260129077,-18.7507866010357,-48.92505200937125,-3.670832290543317,-20.44088687716573,17.156764658790273,-35.73360232131279,-8.42244330284686,-32.7272142168453,-13.552239887275682,3.4636777364877855,27.81052744708221,-7.719821033441315,-9.213313049988,-6.304299258884499,-8.263965387766154,1.8065203124509288,-4.008581969707975,-2.6162996806737575,11.946410976517129,2.153359020938576,-0.3164839395042018,-1.312181951782485,-0.16561619012252246,-1.6898826471332518,2.162851423660865,-2.6628690652920386,892.9953996324003,0.1582587505496836,3.7504627630114555,0.0008111518109217286,-8.051112361367417e-07,219.98190307617188,0.004611514043062925,0.23221036791801453,0.536697506904602,0.23109205067157745,7787.323478292541,6191.984138894959,0.4429392576841174
-381.37540829872904,130.6280081015158,-30.43234300826844,-4.236841366322342,-28.486537679097925,14.314462325870547,-21.751200304670242,-48.2704094281594,5.721361376674298,-19.292844790453042,10.034383623953659,-33.10099289781452,-15.64891594097495,-34.829966777164515,-8.296487195481426,-2.7287201296506636,27.25706590731246,-7.761633955398296,-10.215872324187272,-4.680457933985385,-6.650042775613946,0.79752402501355,-3.1199458625637013,-0.6973666246758686,11.317517837333051,2.2338034567360308,-0.5315801031243715,-0.8795888959662819,0.9111757862825733,-0.907136183505549,2.3328596468033806,-3.522705259849469,943.9442910603098,0.12599042089507045,5.812080309726298,0.0005170083022676408,-7.923969685294179e-07,219.514404296875,0.010843062773346901,0.22181008756160736,0.5551745891571045,0.22301538288593292,5446.258932119437,9390.017435068063,0.6329093097669304
-349.98340233912006,121.64607706899397,-48.44866077777406,-2.979126779199885,-34.70627569287247,15.896807823532587,-26.746805456276004,-39.57641730147138,20.630970609041785,-13.589646074221513,3.3313380177754874,-38.09494626076071,-13.940560511272892,-26.063310484905642,-7.268742509915912,-8.156667656660977,23.8617797234433,-6.91600620440906,-9.67280018746804,-2.697320973934752,-3.846246217801765,-0.9291723563578901,-2.1664651504391603,0.9173934949810041,8.83882390576542,1.7525616723508262,-1.3022640654398552,-0.49168925638653765,2.3398072789528745,-0.15646869825821239,1.2314140732842969,-3.0340274447553344,1049.8857679252826,0.15328708358689588,6.4898949367925525,0.000675635295920074,-7.678700398045614e-07,217.0196533203125,0.06641087681055069,0.21251071989536285,0.4869140684604645,0.3005751967430115,4802.032041953942,9639.969911171058,0.6674954028160296
-327.5978047228674,113.00049905439366,-57.44226377629745,-13.952261010651828,-40.919969945019204,10.525866029742858,-23.652482727466307,-27.95347769748965,26.962155985228385,-11.84301870435569,7.156719208270371,-36.27528192053193,-8.728478509437107,-24.02425643592961,-14.487410078479172,-19.27737894851257,14.705077062619486,-7.646433111521332,-7.409725392255141,-0.773976908228026,-1.6280597615300487,-3.112543977154103,-1.8227947562385198,2.9948989280860006,5.373963078407192,0.9269314030807636,-1.8039171802462475,0.48068691749385606,3.8315614101395816,0.4574205102441913,0.6600502006664317,-1.4782179506212914,1147.3954606853567,0.18150863652990287,6.86857836227864,0.0012060292065143585,-7.410534083894699e-07,213.66246032714844,0.045503828674554825,0.23493368923664093,0.43175554275512695,0.33331090211868286,3791.0574528454704,8363.05094559203,0.688084281580635
-317.16396238151253,118.9366421487105,-66.87735353393087,-10.177614525178566,-38.6812751531525,12.741264073846256,-16.53524058736765,-28.028672569214457,30.024591889159673,-13.576642480476359,9.00171648873446,-37.566542683468114,-4.291942148123294,-16.98864644918728,-9.236803774431529,-19.272613209300427,3.7983034906627418,-2.1035270291689505,-3.145007335687001,1.3215177459327783,1.3499962459543484,-5.053655954570338,-2.9820132112190296,3.1504067692960533,1.6956152508238445,-0.021117145459949443,-2.8897378987206968,1.5205278833865008,3.4752877253583105,0.3201818673954266,-0.4685352281346865,-0.30895902238103273,1222.4796500311945,0.16082058134767527,5.205636428669095,0.0012776546645909548,-7.232886046431581e-07,210.53346252441406,0.12655244767665863,0.19222864508628845,0.3797438144683838,0.42802730202674866,2510.470547629338,6662.171053933162,0.72630888061715
-320.02574981471463,111.99218769070211,-73.55400399612246,-3.6779640723270646,-26.327806124890486,11.491209437739542,-18.722074184037965,-28.431080513683636,22.659663018428596,-19.000997566846408,4.856337117234583,-36.73064406209136,0.666229866315839,-18.75627177557195,-7.705094146805067,-16.555557945063217,-10.79615883027751,2.398910380293164,2.119090460166517,3.2030135771741457,4.583658941150383,-5.180608582093124,-3.0112571208529024,3.4101549311809203,-1.2387331801771801,-0.10144400607003204,-3.9667302253366286,0.3716333237521805,2.6244202408685258,-0.1762622284873659,-1.2119994585947726,1.0743523254356218,1307.3744157930378,0.14163079040572124,3.5765233021229506,0.0019419597228989005,-7.06885098497051e-07,206.94772338867188,0.0748085156083107,0.27326861023902893,0.3462347388267517,0.3804968595504761,2882.394225373224,3702.681458220526,0.5622838120821443
-317.0540324176008,107.90386772676901,-73.20701593270505,-3.6001470966585716,-23.549314522117918,0.49608199378698914,-24.74521936439919,-27.198203364076328,21.91905181986786,-19.917782245242343,-3.047335049601285,-30.86556890506038,11.023854617092583,-20.822707048415843,-18.090048198848237,-7.7542158922879665,-22.23311876839319,5.802639004595093,7.38773227578077,5.173718168830678,6.353707385271007,-6.277630411156836,-2.549138161421237,4.16260796673427,-3.552867593204475,-0.5168191953726149,-4.447435339172822,0.7695314905768986,1.8747864351997219,-0.9352402128799491,-1.2142502511315445,2.424294731201559,1366.7838948295564,0.18194519840072848,2.4950191751122475,0.00326370308175683,-6.90315962936236e-07,203.81320190429688,0.040796246379613876,0.3141462802886963,0.33112019300460815,0.35473331809043884,1842.5169508989434,3136.5616623823066,0.6299482105013982
-342.4418919979731,89.94419973861368,-63.326882878806025,-4.474455869469104,-27.899093372692555,-15.798832791464779,-38.630393353731705,-22.01040368377911,26.34206591892123,-15.38903730748397,-0.38384079451426256,-23.338229085972706,12.445332383737489,-25.51900614002563,-11.480293335658997,0.14317918088161408,-23.65275705620845,7.0993672570742845,9.222189494555845,7.469568223899483,5.5558734482372145,-6.274171698482906,-3.8121900565794653,3.973765473937199,-4.368933227958618,-0.9185148319237377,-4.100473015159394,1.119732165051274,0.739947418497179,-1.6618674032528402,-0.6011863353591381,2.910248643346729,1376.1995308150897,0.17149250321799003,1.5392328267917037,0.0041001951321959496,-7.101315574700141e-07,199.58578491210938,0.032158687710762024,0.43700534105300903,0.3021813631057739,0.26081329584121704,1579.5904252484765,2180.1786177202735,0.5798703571426779
-396.05521292296726,150.38695523839215,-29.352281049946733,15.36846637713916,-8.983862529529755,-22.39814831638916,-53.05498516432053,-27.43366104286471,6.729450701416054,-18.73193687015868,-14.6112034517219,-23.74860507185695,7.805301675872476,-38.84500456710238,-14.477339842615162,-4.206313215175759,-20.908484895201493,5.1570571992830905,9.405015431058679,8.232311390721817,3.516561551859641,-5.779379580512836,-3.6950126898257376,3.9883399889545097,-3.8074897433101924,-0.7955700780310622,-2.2972412474284996,1.0674209528661744,0.3690800404124447,-2.196693422359919,0.04676366107889024,2.445648346648392,931.3518455803508,0.1576920730232631,1.3051445623859763,0.0014962197747081518,-8.818584483721375e-07,193.28912353515625,0.0033657813910394907,0.4653671979904175,0.4646690785884857,0.06996370106935501,2541.988308808326,781.2458220510489,0.235086000952037
-501.36937166843137,159.34234844224,-8.443545750693357,23.66439799631419,10.6831081217288,-18.44980436996633,-37.647472329039786,-9.404306962540407,-0.09706634478756726,-13.599492541795009,-29.22712076799646,-46.430018795091186,-7.007863606197381,-26.181739640972296,-20.360278340184486,-2.1660794731804645,-14.89466744172378,3.457574720302531,8.19817478298688,7.7795663065152185,1.1876909093541552,-4.6218794774916425,-2.3460648099999477,3.5874151836274377,-2.7161637571551207,-0.7752355461858488,-0.1719826242248971,0.859411582974765,-0.02589209140108782,-2.017545248102039,1.103560759207225,1.297770654941377,547.532799314604,0.2252327044400339,1.1719220271334052,0.00013162587129045278,-9.086930468455969e-07,190.52171325683594,0.004208060447126627,0.40356770157814026,0.5111517906188965,0.08528050780296326,2754.266943340258,580.207421894117,0.17400266379115953
-508.1018478393029,163.7161155402169,4.298968318413191,33.84023399616239,7.441142036270748,-32.14367879161923,-31.250683595514563,7.048149177679724,-1.6406566727647047,-18.349921496730694,-22.975807639451297,-29.19299379602304,3.897377297939838,-25.854938624251886,-17.513777249304788,3.6664444263147753,-8.684446816084973,1.247433801065349,5.91953433610291,6.932665779026034,-0.008262242442087453,-3.0720568159038453,-0.9941120288289119,3.1902568915658596,-1.6709302458337105,-1.3151502423778059,1.4688644827287312,0.5190797842486605,0.17399977454007262,-1.5057936115317598,2.3327986038652266,0.064844703063486,536.8537305702073,0.15962071471602504,1.086217631585896,0.00012525287456810474,-9.097638025260852e-07,188.42605590820312,0.00993308424949646,0.32652613520622253,0.49668481945991516,0.17678891122341156,2569.9339328486253,738.8800319951247,0.22330661072086486
-428.76364041945135,151.61055061320337,-16.010575590621976,46.66454155406463,-14.320501234985123,-29.228937817004603,-53.25861079756684,-4.109134254476834,0.3528589485134416,-25.03799577731762,-10.43453687983552,-22.689014702147574,0.8704281550348654,-34.08424004105194,-11.873059995079855,-0.9096574302424846,-1.8473237761445547,-1.406699961375244,3.5511900244029113,5.56475323630265,-0.5632979231316786,-1.6110650324332694,0.14265640010228522,2.737195935262097,-0.4211181455501468,-2.166043184255477,2.433170989724376,0.787842833953431,1.0196697451444399,-0.8787449838094271,2.4764320222703984,-0.30094951895308264,839.7505648156462,0.13382441033295528,1.1504298625513911,0.000934600189793855,-8.025189250383712e-07,187.88636779785156,0.011489830911159515,0.31938686966896057,0.5068320631980896,0.1737808734178543,2428.7842742386797,742.1493195113203,0.23404757544406407
-413.9820402275167,121.32306686345038,-21.43351977976338,49.79527310299858,-20.079109195486595,-26.426695905459653,-43.05102661522234,-6.719732880489646,8.031986104186657,-22.213761558766947,3.1863095634051124,-27.14979053767239,9.517647398584199,-35.76127242232137,-3.477513695682437,0.5446711085240399,2.9400942705574744,-5.37320895366794,1.2967143071680123,2.7281342594461715,-0.8034156193357074,-0.9302403787647708,0.27944777444892754,2.580651503079051,1.7567829271604998,-1.6418285054718171,3.039435247710842,1.8484300438642676,1.2104216204517024,-0.10228248605887849,2.8704781968139126,0.2640296224926525,1027.9792597055064,0.1980147070496052,1.4381146766245365,0.0010494698071852326,-7.792141708957092e-07,187.81541442871094,0.009177541360259056,0.3317916989326477,0.4983459711074829,0.16986219584941864,2285.574439217995,647.02248461013,0.2206312362100981
-399.57722264331136,119.625943629978,-21.48247035220755,42.781524759135635,-22.0106436898555,-28.493464168622673,-38.320657566203735,-7.54979289174935,7.4196362766117865,-24.178570882930856,4.7178633836993065,-25.58981410388192,8.171937118015284,-36.780426001872854,-1.1555909546882133,-4.754934476362156,3.0670245172675497,-8.30748949169746,4.667607281553504,-1.7551313469580052,1.801594073591475,0.8188596594494363,0.6629867631149299,1.4554248238371688,1.4850202713774951,-0.3860546746889185,1.4308653421046467,3.068053185057397,-0.49726321284872105,0.18130908252327035,1.549204924298549,-0.20462996660647725,1064.9787802498395,0.20012065513827224,1.3542443104088306,0.0014192552771419287,-7.733757105452497e-07,188.3557586669922,0.007728587836027145,0.33420664072036743,0.5009335279464722,0.1648598313331604,1693.808145554617,675.6371669453829,0.28514571042474013
-413.657255834842,120.81896046895605,-17.864933461219813,41.98441486491102,-16.29105974872012,-31.35473955560744,-40.98839629489618,-1.8705653428141924,10.283171339383738,-28.452347546139478,1.562451578065752,-25.625341668226746,14.013151882821402,-34.52978729737742,1.536686413659542,-5.797557775987243,-2.1609426819078914,-11.924816861382082,9.911606052048404,-5.454579166417762,4.18415763191136,1.9379670131524074,2.844846734467763,1.31153847472013,0.5863794013352177,1.734997006556256,0.2387550406138419,2.0449987287951794,-2.9353089341170437,1.687575603780901,0.09922107272335763,-0.7823205522189881,1026.448117615352,0.19232301998365928,1.0062259519472718,0.0009393917280249298,-7.768010155401677e-07,189.39720153808594,0.012316702865064144,0.3466895520687103,0.4886491894721985,0.1646612286567688,972.1277920944071,696.5633700149679,0.41743096975143645
-431.37624287174197,121.47616097038474,-5.721958879006312,45.487558151121945,-7.641225591543467,-29.654780670761827,-42.253810630756774,2.389927049261261,11.183491252255745,-34.33387787825353,0.4704614024486329,-21.043937289586196,14.089523018424963,-34.16066721949311,0.5442577250372092,-1.1027593517674812,-7.271144285700403,-16.421725226785526,10.444584371577038,-7.868443909736142,5.352146464370021,2.644188352363179,4.842745869067956,1.549239783735413,-2.0513544947118896,2.8164113742607153,-0.2814431787089505,2.8290848834423223,-2.799553543531143,4.72826109675293,-0.5282884231080209,0.4728171119652008,999.9058953200802,0.20685911444844085,0.7158361217007041,0.0008724512881599367,-7.991647421417195e-07,190.96168518066406,0.013449735008180141,0.39061546325683594,0.4442357122898102,0.1651487946510315,432.29567170913555,560.7553536814894,0.5646792957702366
-458.9675459083877,127.63319081870128,0.5071679840210662,36.821773917083846,6.496789971601871,-28.526359802365473,-44.27414677944884,7.749957914034885,16.892168072942248,-22.97221864878433,-7.35009103853534,-16.12034175648625,3.2553214809953586,-29.383575347326953,0.6968319690971649,4.64996139383522,-5.874175321557228,-17.215649208680087,5.594260142362818,-9.317151016703995,3.342734390197272,4.790292642971665,5.058590599968707,1.8797954395914533,-2.409452154249143,3.7320831624668447,-0.8658996448493169,2.81802141357479,-3.0796596594583976,4.294984897807711,-1.385199363524664,0.8559617523779299,930.1120192975455,0.16138853332161068,0.35296633932739496,0.0011664301855489612,-8.26275718128826e-07,193.27870178222656,0.012374438345432281,0.43632808327674866,0.3195778727531433,0.24409395456314087,122.07258340899713,373.05012777264346,0.7534498405099143
-490.9896252296279,76.98542102794772,58.37795878795956,-2.3575208877537444,34.12863309069013,-7.4349663807495485,-23.953131157851708,7.438886306462836,2.3005067059242132,-9.716002250777468,-24.52996273192097,-11.417360972524929,-21.71869348897419,-21.085283552832347,-18.242370276901752,-4.291058516027637,0.204230462995796,-16.487848003914706,-0.8815266681834635,-9.068466679718059,0.831122292287291,7.414844049159643,5.234302713904273,1.1498497928724492,-2.424766545652707,3.839362104426378,-0.7359919233152176,2.3926684083491816,-1.8737920601263578,3.321754281031177,-1.3153705406084948,0.47149435219304875,1724.85080695357,0.2978912897383892,0.052669101394712925,0.0063219922594726086,-2.7285988836716786e-07,198.109130859375,0.0930628851056099,0.30089712142944336,0.14648108184337616,0.5526217818260193,19.513217452491432,196.62839936879763,0.9097202207540374
-463.40399156274566,37.19509349570032,82.27118656501054,-5.401665423779444,16.986351662562445,-18.079491097536724,-8.962243960032968,8.340435495261996,0.32324380091669336,-0.898406249452609,-2.4928618448966784,-13.622946755479338,-21.538648997117015,-14.134310166795222,-13.760613449409156,-8.498001966435439,7.771619268517203,-11.733000251352427,-7.426166780756209,-8.472616716763028,-1.5168131136433005,7.2315457021151515,4.785565615464013,-1.6098200288672102,-3.116639658695589,2.9624962395387096,-0.6117174639623612,0.49449117454055425,-1.4135670559710367,2.1911926126967374,-1.4452629643906159,-1.4361016599691796,4065.268206454736,0.35228387152615237,0.0340524697676301,0.10471603274345398,1.8240005737627693e-07,152.09219360351562,0.27114829421043396,0.03622168302536011,0.47568702697753906,0.4880911707878113,100.73940219193365,449.42014370650384,0.8168905675763177
-443.7305673919909,-12.002644049188076,18.35642029305934,-6.10423013649247,4.395999266675068,-7.06285996974618,-12.546335335977405,-2.0651341935777436,-23.728586142758257,-7.37965818580814,6.455242707716984,0.13964916922883303,-0.19587979720510607,11.485330506564518,-3.331708254157758,10.12078628283226,14.72189148992922,-6.447061375836259,-13.144217088103998,-6.861247567681173,-4.9537069999771095,4.565568808142873,3.4855986957265315,-3.16360103112039,-3.0976847415005775,0.9710348662589132,-0.5430122007537099,-1.3713718940871888,-0.3127759165925972,0.9236319902909932,-1.1789209388982487,-2.1573406740637027,4411.590853605109,0.28940799116085125,0.031009959988296032,0.3192763328552246,5.114415055175454e-08,1143.77587890625,0.00041317634168080986,0.8943921327590942,0.10560782253742218,0.0,33.51975106399228,1661.8656249125702,0.9802288308375406
-429.2029480359421,14.744387964860815,-33.49182505812796,-17.643366071776068,-16.824245936125138,17.16216278841951,-7.091155324019379,10.995964456414953,2.45208051079346,1.23686180018121,-2.827456857274279,-12.584408324522647,-3.6734302400574568,-21.00240081849005,-10.278109241931139,4.374603711086313,17.3603700930972,-0.9401802426773266,-16.370647553785524,-2.3938002500212683,-7.077430151733496,1.3969452857100058,1.4840787228844778,-4.097077554115546,-2.4298338926704037,-1.3107577455995378,0.19899434744082217,-3.1065483021409963,1.0767851423759327,-0.7466710761999286,-0.5933781816364907,-2.292070289283196,3077.253441783978,0.2751360081109534,0.07377915363758802,0.24337247014045715,-3.579260224604291e-07,293.3970642089844,0.02111329510807991,0.34071770310401917,0.48841771483421326,0.1708645224571228,1067.3017480492656,1986.6123144507344,0.6505134963832121
-377.5682228738354,41.213079789865546,-55.46539590855859,-12.172885755096857,-17.784922516841785,32.43384228403672,-8.910760938040914,2.12796787802825,-1.4802740212227008,-7.850609272331349,-7.2362820905677765,-10.696629966081522,6.671186835622201,-23.73496680373249,-6.472707977898555,-7.636422286003803,16.766945165520056,6.31338374710882,-16.776561898438622,2.690881636444067,-8.037458649791581,-2.5177964792739402,-0.9508460455199697,-3.839747368321752,-1.1931120395069037,-3.455564155581047,0.9238280832512032,-3.673787910814076,1.9109619533810756,-1.981341572125553,0.20323666176236543,-2.0772204828391354,2470.935079335565,0.22484057636994098,0.5316464137285948,0.1322905570268631,-4.6290265532549384e-07,291.69573974609375,0.011223182082176208,0.4170694649219513,0.3933858871459961,0.18954475224018097,1126.227647720208,3593.074598373542,0.7613571691339739
-364.136045201146,83.71268528026329,-64.94497625559913,-13.690255650255597,-12.341807349528606,7.614690861877561,-15.655394015656203,-25.06839454357747,-13.24128259269624,-16.565981648225588,-11.840871212147375,-30.625673794167184,-3.5429293820579373,-21.814414198014504,-13.119728675169714,-25.90411783318821,11.633488735805614,9.195396671199747,-10.619930135511257,5.217995990426944,-6.310873357497507,-4.831535421641103,-1.8558992166908035,-3.500128906432301,-0.8580694571047207,-4.267254025864416,0.9546927675760238,-3.5961745034148636,1.191817048042394,-2.5748630185479917,-0.5745078387213154,-2.3465500438345206,1457.743904270319,0.19299281834497495,1.7553876684978604,0.009573495015501976,-6.845605212655704e-07,286.5773010253906,0.013875484466552734,0.3059871792793274,0.5472980737686157,0.14671479165554047,2739.248544153704,4012.880362096296,0.5943133518055079
-346.9324581128322,81.20946648842035,-67.93367676680737,-11.579025592920322,-33.40845539691438,-17.02185435068323,-19.422852036612092,-18.458747100406256,-11.323510684919771,-26.03954613642041,-12.86982804623019,-31.3555167835942,-4.164672434737113,-22.94119393873877,-13.532593076607458,-12.092779576847793,6.891745858245942,8.773359449598042,-0.5434589316233708,7.895161405847619,-4.971895002831987,-7.1622440288330145,-1.7580989445193869,-3.516859641971945,-0.6714066654131258,-4.455632703383301,2.36490904129865,-3.3956664293536707,-0.02595492468229782,-1.961522756112289,-0.5863790689894817,-3.2694168230395855,1383.0866704684622,0.16735013660116071,2.6256273379549384,0.004603448789566755,-6.901805909286497e-07,283.38690185546875,0.005705676972866058,0.24236218631267548,0.5290775895118713,0.22856029868125916,6316.488860786394,2489.031647026106,0.28266717961962257
-372.77942915986534,73.79972623114202,-58.25528319597721,13.492357713528936,-28.802535986772426,-23.103281082418004,-22.972993848783894,-18.626840841028226,-8.117142107558239,-22.439401447527892,-5.013390957994555,-36.55451612712771,-4.473043639779831,-26.54658235771217,-11.271366111855437,-10.73744207421219,1.953028335455409,3.0173715349062715,6.020816024398421,10.849993580333349,-2.6262872718444314,-8.150443415681158,-1.5111610329641476,-4.080681382211753,-2.259071620078573,-3.9739154170289055,3.973344058708872,-1.5640880993537958,-0.07981963263685375,0.07148954180998236,0.1504612958217738,-1.8670300038631409,1342.610290166825,0.19514679231907325,2.8555677719414234,0.00180019810795784,-6.967498945848604e-07,280.8688049316406,0.003821413964033127,0.2517584264278412,0.49643197655677795,0.2518097162246704,8008.02882784507,1472.2553518424302,0.1552965421645156
-372.1196498972658,80.38457308534387,-36.86728103857769,25.584306428759767,-34.3099632340368,-34.06770590909367,-22.128441400861504,-12.718970762733388,-11.545081408369956,-31.613063348528865,3.133744317362348,-29.067603262177123,-3.9016971019948246,-24.079937423995162,-11.249908584097064,-15.09332236187344,-2.2346081659491923,0.6649656982753593,6.709070278439711,11.272811213801793,-1.42637769140099,-7.133449247097962,-0.9002766960637055,-2.7784534026205914,-0.9896509486135772,-2.193264766674621,4.032187721164287,-1.1464645416539747,-0.3751035605521236,0.32056487677546314,0.3804199676665533,-0.6026581709268023,1328.0351659219377,0.18789724703784713,3.6305475383996964,0.0014264051569625735,-6.946062722003529e-07,280.5908203125,0.002375364303588867,0.3076130449771881,0.4684125483036041,0.22397440671920776,7801.7370313877655,1640.3137498622345,0.17372430924853374
-378.48054927499453,66.30886490501821,-20.111190185443675,33.385545075488885,-38.752248579024446,-37.80224187354388,-19.045210624706883,-16.213039281025548,-13.940006131345223,-30.346796925501465,16.820007000785395,-28.510349377467108,2.2267412195621956,-23.509656943732693,-14.17798107313503,-16.115558925063716,-11.911732810985795,2.8723237869028817,7.913040682977185,10.174855973853445,2.4274479309967765,-2.227494458626874,-0.1726865694017521,-1.2384676031311652,0.08517572384781533,0.34207549073686716,2.1829780467426065,0.627361532862125,-0.03292714363425295,2.0838682603829115,1.27946442443802,1.08782875866739,1394.1263416834167,0.21232417996574987,4.622719417326152,0.0009202471119351685,-6.805804119330578e-07,281.3354187011719,0.004417877644300461,0.3272201120853424,0.45554500818252563,0.2172349989414215,5066.6012363378495,2796.6946620996505,0.3556644310759533
-378.95961908761745,63.816883104205644,-10.80242053570037,48.37725815789864,-41.35872127572177,-32.342949823129715,-21.514037838560355,-28.598195125333017,-17.754252570062,-37.17682270437129,20.3013971661487,-28.18319425007993,0.5086382710846744,-14.701541391132075,-7.275980753326376,-23.61606298745817,-24.56080581701392,4.991796048201538,8.39527073412161,6.934437916990775,4.894806946253395,0.7491861713932596,1.1398189129382645,-1.176634990622133,-0.24668537166076943,2.2438364170358405,0.8267020558536526,2.312759737763761,0.18278729509022623,3.1111236014214634,0.918469286325303,0.8772583610341311,1406.6330407124647,0.18135829717042556,3.797308713197708,0.0010405081557109952,-6.698928753664726e-07,281.6205749511719,0.0033359902445226908,0.3799881935119629,0.44912463426589966,0.17088711261749268,2717.5905945223763,3069.3884093838737,0.5303956360152708
-385.39492586074175,51.96024204109146,-6.860308188930491,66.86519633018523,-25.10760837060308,-29.54196510910966,-17.934807497504313,-33.03225573993455,-18.82375542856861,-28.09342243955734,17.7881123834569,-24.560447190535083,-3.199392440202757,-25.572819506617435,-7.460280147178608,-15.790259578575855,-30.85045529211285,6.153629288506371,6.086567908161317,2.54708630060209,6.4855590481236804,3.020477729070325,1.313251415937295,-0.585611321302157,-0.019770778346312495,3.6873827373491777,-0.8638302138126225,3.404787458540631,0.35588913789712995,3.864705553891078,0.47808086732953664,1.6313218864835595,1449.9406429139033,0.2164196139727024,2.788025913760066,0.0016431299736723304,-6.748421457222677e-07,280.6870422363281,0.011230586096644402,0.41929394006729126,0.35442137718200684,0.22628465294837952,1013.172331894297,2282.563752090078,0.6925808662842251
-377.7043243522015,85.57090471701312,-36.49449415015133,61.551254750699904,-23.143676034584075,-35.36511651018753,-20.641704172655537,-29.109663641550085,-7.467096675004216,-24.558513025483002,8.980833934308865,-36.039720997787505,-3.224620846797438,-20.986747297946565,-7.412647280214232,-17.15551762284703,-29.881945114963976,5.7049411811219715,1.3490979966958632,-1.7082092779088327,7.477595882183334,5.611332599727476,2.3591976595579354,0.8025972248851052,1.0169494011987492,4.8174690964974225,-1.5648220755353899,3.3239751261715216,0.2987791258724215,3.2706166727272814,-0.3220891182349701,2.0080055174981775,1271.8293625715585,0.18172296198059731,0.9398592840880156,0.0021132465917617083,-7.471518204839759e-07,273.2649841308594,0.018681518733501434,0.5073001980781555,0.2547769248485565,0.2379230409860611,351.229657439996,1106.1203181459414,0.7589942955886201
-511.71539703837976,138.58812800267177,-2.0424556026761165,51.70021645921798,16.28605279601187,-9.252126406042475,-20.00424752086498,-24.484707644584,-7.95035779148748,-8.327673785400306,-11.176861879334902,-23.92023436191095,-6.4812846705849,5.146294293371868,-1.4167465959254248,-1.13253901009992,-22.271325048852667,12.619831698965726,2.558330473542117,-7.119170097341066,3.847007654183626,5.016787515392878,2.911842269883772,0.965563590234219,1.0570224839930633,1.3535618656661148,-3.421996510482293,1.7981813201629286,-0.32008512648260656,2.523856920236913,-0.2334867615754285,1.848041265922743,823.6312655344894,0.22049856202124316,0.019669041968882084,0.001484076026827097,-8.035840162976418e-07,256.568603515625,0.011897411197423935,0.5469713807106018,0.330457478761673,0.1225711777806282,69.74545790391059,885.9347178773394,0.9270200850960468
-606.6216380852504,108.48909578294315,12.336649606699462,37.428262128030326,-2.7970964420334052,-17.58879167762761,-5.573097484380942,-19.314721302935816,-15.966934539261405,-7.056414410487468,0.9877348284387258,-3.6412487199781833,1.1013130520626264,-1.0748018280329739,-10.74457430210595,-5.187808665555204,-19.74984069820265,16.65833375160372,6.096802033775463,-10.963472673076561,0.579496765445708,4.045672310344322,2.984151330118759,2.5892884468861483,1.4846995080726966,0.16984311759114504,-4.155879401801927,0.47848587211619387,-1.2863076749503897,1.6259348504322904,-0.40854087718324394,2.849925691160686,1039.0649274579723,0.1937067581324804,0.006810339167714119,0.0032192710787057877,-7.546721499382743e-07,272.27105712890625,0.0187106691300869,0.4899953603744507,0.4301387369632721,0.07986585050821304,31.836211588882488,1064.0561223954926,0.9709495079018079
-593.3561672027308,103.44763658350945,-6.4710614452863755,30.364850608042495,12.773287643277628,-3.674816881948927,-15.429295515482057,-18.200496444575265,-10.66392707827766,0.2897139194060496,0.467238199528942,-4.883395976518645,2.4003635376781043,1.4134751118336832,-10.825604420288567,-2.8033953478321685,-18.30355115475439,14.854602041451326,8.957631239926645,-12.454302953505014,-0.5995789434444407,3.4288929902644334,3.1227599823484327,3.012471157687976,1.8800524845866031,-0.8933970124953757,-3.6757734827983763,-0.6102408462614458,-2.1726884507038133,0.48864742966757746,0.39661113216292976,2.325006940209389,1295.0281154272186,0.19192187291383356,0.008109970949590206,0.01169892493635416,-6.462013008878629e-07,203.24371337890625,0.07514295727014542,0.5344704985618591,0.37238427996635437,0.09314502775669098,93.00153345529377,1020.6793747478313,0.9164917592011633
-513.7809858826971,94.11153421354115,-39.63490586102124,11.49243109338805,9.580595123488697,12.057175594604374,3.094476989339358,-5.968043451830766,-2.359908104859974,-2.33005134522936,8.824064519826791,-9.359217392522563,0.9739087146111257,-8.206184606307621,-18.37211446067997,-7.835919585394916,-14.51996805899137,7.948305931589024,7.308710428007754,-11.72850842394731,-1.6439777286990687,4.63390656468889,3.054112472681563,1.6288920919636127,0.08123474886809698,-2.6925283442371057,-2.6720909120917775,-0.554497709270606,-2.6217755206675504,-1.5174120980442831,-0.08964995252546883,1.9378002846035096,1692.1743049453653,0.20746156015960718,1.0466303573921323,0.041412774473428726,-8.285875614955846e-07,184.89739990234375,0.04197443276643753,0.37410271167755127,0.4644811749458313,0.16141605377197266,144.76464062384323,968.9278642589693,0.8700138144154288
-450.2244508072179,201.41210701981092,27.48572160064397,-21.457465069505375,-43.27871397075596,-13.228178527671648,1.156129639545122,-28.56681441497217,-11.585381929431977,-54.74554029309679,-15.243229303276047,-33.593755894651764,-6.804849973977189,-8.994454405501312,-6.842538324223351,-9.715406842464823,-5.928741005102074,-1.0838890232022302,4.2062292255598095,-7.352591939516547,-1.6778406136531197,3.5004020083962204,0.9966966270628274,0.958465447318018,1.4780293435966163,-2.8562891984732244,-1.1939925365617585,-0.6579532780029647,-1.8424537868525683,-1.013824107472482,0.09793297060793807,1.6038192170266137,587.947775249783,0.12582841606896425,0.8728630356490612,0.0002650619426276535,-8.921062305647627e-07,182.98098754882812,0.0432865247130394,0.3855412006378174,0.47706469893455505,0.13739413022994995,145.2161129962546,964.1352053631203,0.8690981742276058
-538.1365625444645,206.1177987507483,57.56744494483823,-19.469582597031977,-34.52188488477432,-8.99867853746276,-4.081799321909228,-6.249812310624431,-2.787742036698608,-27.90866531667794,-20.095927908305406,-32.33038603923006,-20.40156053561038,-8.203369010919745,-6.03545223196782,10.334597893575847,-10.938131899440679,-3.5645541618235725,3.6887583836986044,-3.404464141275159,1.4500959408095775,2.9515828355845413,-0.8863272093774006,0.47911794969570926,1.3379667794892782,-1.7741010621510052,-1.9611887247698263,-0.3106402683659652,-1.3523729521819214,-0.0843233534934626,1.1699150096786002,1.880852958453902,531.6743578901878,0.10982726677397929,0.12196565978229046,0.00017468600708525628,-9.131400516132703e-07,163.35269165039062,0.01833159849047661,0.3671016991138458,0.38264626264572144,0.2502519488334656,54.04365753128415,220.7050607304346,0.803297872058484
-593.5796507040797,156.5515030213408,55.18650635399709,-16.120921438568757,1.1203246073763997,-3.3068644919301593,3.739581401027306,-6.285692950391325,4.283271321873112,-16.95442092105805,-15.466817187434472,-30.229808168868345,-22.71338069809122,-18.977421732868635,2.0757714528729982,3.420719533390195,-18.313631139951482,-9.8470985891641,4.218729669009144,-1.5801537654365578,3.9252924066650556,1.995937292789436,-1.9704713851433735,0.19425667743942227,0.7251076662832905,0.32298208404757495,-1.5403119816896704,1.5597682628385021,-0.2839213843383254,0.298709713397564,1.7165284831573027,1.853048689419595,792.5452074877588,0.23432858695296988,0.010544831864535809,0.0014064311981201172,-8.277623616866881e-07,161.84230041503906,0.08263270556926727,0.37337300181388855,0.37029770016670227,0.25632917881011963,5.6426505564010645,23.629219103022763,0.807232998026675
-604.1311218570684,118.01749333386871,-0.8901526280919307,-22.10601690325155,-6.553651198714629,27.777819365909814,2.470105856156035,-22.266418286296872,-21.78302981549603,-34.291438831075325,-13.413615021919796,-18.10284764246932,-17.324441464430613,-19.48887577815329,-14.727112663780453,2.463342332680659,-4.505824044825592,-19.566007077720997,0.744135121149804,0.1068874058917948,4.178558197478446,1.2436590437568444,-2.918518584235957,1.3429987630531626,0.8482009974396941,3.461808802877758,-0.8138260223702596,2.5982666733510813,1.5993415466457552,2.2055053406053506,1.0704832445060974,0.23918030861787193,1183.3224770326829,0.22653369925129685,0.002087012864649296,0.007434524595737457,-5.903073779743085e-07,170.37896728515625,0.14365598559379578,0.061113372445106506,0.27122268080711365,0.6676638722419739,2.018081457177659,44.56167623325203,0.9566747111354704
-596.3137633699312,60.629995138226676,15.841712855707952,17.045436085841864,10.787961178742368,14.308932775255156,-18.876570000767842,-13.780912729686497,11.215513102522,-15.729022533963573,-3.088711739477621,-4.527336082235332,-2.3980361555634424,13.944232667379072,-6.4957017593092985,9.531699186268506,9.194987651277131,-27.175050673489626,-1.2665652604247621,4.006597155620164,6.790720527033576,1.602419449451091,-3.4139952525589967,2.8906491710272366,-1.3474324625640874,4.417629296322953,0.5857330251880482,2.8038189073211344,2.22716903660987,2.1439257426355516,0.3184113654845715,-1.2140538220428996,2497.9506684894054,0.2566638505061382,0.00042936671525239944,0.15873731672763824,-4.858246034237164e-07,366.910888671875,0.02112581580877304,0.2106846123933792,0.2306172102689743,0.5586981773376465,1.7728227763756659,241.26154001659307,0.9927054645441811
-687.4615514900593,86.39618587900542,24.635871831629824,11.815948991139074,17.410701035080265,2.8564882186493374,-16.616227134856494,-12.863732792578912,-6.562615440030221,-15.120964102812017,-14.588396846940833,-5.037069472652621,-2.459173690185652,-3.600632879329288,-0.4953544953852489,5.340002257676265,25.975767571565342,-21.504649196847684,-2.001752560700107,4.764617787613462,5.239573184146075,-1.0440843402788214,-3.1445638764193165,1.3272116403288279,-3.75502376226242,1.7593399229922309,0.08630358116491055,1.0854241024291622,2.7586134377067504,1.2035638493079124,-0.33539287779815435,-1.939557332132522,1585.1752912921559,0.25575332690347286,0.0004160599783062935,0.030817590653896332,-6.325227766487623e-07,885.4871215820312,0.011001246981322765,0.403160959482193,0.5968390703201294,0.0,0.34940029678827256,698.7757828086804,0.9995002321397775
-648.2569139869738,53.94380129196184,29.04320408606302,-12.172436297937875,31.75469831329568,10.202077914552335,-21.824964673845592,-13.50367862614755,-3.286907153928256,-3.1849357526606026,-12.825932504236004,-2.8185774792419833,-2.256332100801009,-6.20800982706842,3.514249678596059,7.4546544870154925,31.560795970253643,-15.09802924838954,1.7133589314819195,3.665036112382971,3.5719377571654523,-2.8484384072665425,-2.1044988478816906,1.8655154410617474,-3.9581925432593748,-0.2007213899916258,0.04969829284197923,-0.023646464116111404,0.9608045987779685,-0.18682634868849957,-0.3293492362028666,-1.6869829974134056,3090.7181851090477,0.31686927617272154,0.053606036119163036,0.21313413977622986,-2.7870755425957516e-07,5250.15673828125,1.0,0.0,0.0,0.0,0.0,778.3353881835938,1.0
-357.49797653100376,-4.93615924973693,-3.3390059766619835,-17.80238457209884,-12.399293230142153,2.807836224436667,-11.526229282234532,8.060351338149232,4.293627031611228,4.226427088903273,-11.044590307678636,-13.538877408760673,7.502613951070998,12.254780403090805,-10.709637360448783,-16.156208048506862,30.045351268028075,-11.978602729186566,3.2435130632751545,1.22635002645948,3.272056937617348,-4.023921388958342,-0.240568335903562,1.8095028604606187,-2.973441356321144,-0.3489272679786015,0.06039710718355645,-0.3923697818041107,-0.30100745009115326,-1.4234045537117745,0.0037205030062864575,-1.542244832802155,3943.006101956174,0.2763482018317896,0.28017208352684975,0.5090705752372742,1.7124522102834837e-07,213.36744689941406,0.007588698994368315,0.5179525017738342,0.3205079436302185,0.16153955459594727,197.10757833985306,590.5527610156157,0.7497556135667014
-399.60733649846173,11.285993146235853,60.85722590443431,26.936359702184127,20.681875282365166,1.4290887262440148,-26.916620393406248,5.318621878304743,-37.127910025091424,-24.25978141870297,-14.27248401126938,-22.60216364495416,-8.270286532046526,-2.5359470040820655,-2.8379076505543894,-10.794242174607835,27.9325909865442,-6.800929313050441,0.582738611508747,-0.7098538303877949,0.3770035216560592,-3.1558524583103726,1.1493704055944642,0.3734556527035364,-2.357810903133467,-0.642721527572033,1.0802069819356597,-0.26132773995694225,-1.1802600859272805,-2.1618835886840757,-0.692623455589442,-1.5675386974987315,3415.651087419247,0.3305931541421597,0.7912863837555051,0.08782502263784409,-4.31100136140778e-07,210.68548583984375,0.004862251691520214,0.49669086933135986,0.31418320536613464,0.18912598490715027,190.4910824171334,562.7252872117729,0.747096465108712
-404.3100696339696,55.64556795773086,21.21217073820498,24.85937529197384,27.081686603250645,-14.700203269363422,-20.522839884909075,-10.277567165321866,-37.46743581985256,-18.43450075387584,-18.44733123888655,-24.478932663330937,-2.3036333159840714,-13.314784784901171,-11.89231158251177,1.7314955579935614,28.263395933603412,1.5163501726819932,-3.0294192942395766,0.13442472856815424,-2.463538484285736,-3.296496865878538,0.11635050946738446,0.9670461998378319,-0.15227476117909272,-0.7782654292328104,0.6245927818065439,-0.7253239755584858,-0.525630337549023,-2.9739218657812923,-0.9818583358054785,-1.1826195519982983,1616.4352922589994,0.28722522050311294,0.34278761595487595,0.007988915778696537,-5.387817000292123e-07,209.42755126953125,0.043915633112192154,0.3891593813896179,0.31599611043930054,0.29484447836875916,147.8845988185594,847.7335652439406,0.8514645431787482
-450.87760749309786,24.36509560578217,48.796110729212955,6.089697683395098,31.978429127878417,-7.722838601414619,-7.835666278235504,-2.0753880118740358,-21.86866137785374,-32.42941368439117,-6.240121130999384,-14.639575599577373,-19.121239549829223,-22.13414869300967,-4.265894239233083,-5.798117089811601,19.882779052612662,11.009648003991353,-8.679793981346299,0.5472523102594007,-4.445323678060944,-3.505885161030034,-0.11567960695434751,1.117308242394559,0.5099142004496262,-0.04596550681796728,-0.3220105725268141,-0.41283453284793775,-0.27114030231641273,-3.590653316036777,-0.35638047857097055,-1.1003553133752264,3331.9715313395136,0.3344413154362844,0.03205695375800133,0.0502873957157135,-7.593801013850872e-08,197.0786895751953,0.04921679198741913,0.3490491211414337,0.3868464529514313,0.2641044855117798,357.8891167106025,1553.51823192221,0.812761462402772
-466.26610504444534,-8.423111957527563,16.80509000802623,-11.792874854972167,24.567064877340982,-5.085579894879505,-6.192876669380194,-9.901676857488539,-17.658858392329407,-20.07457474589114,-7.852996297793924,-1.7373865947572447,-7.8714322493879845,-9.842097816498985,-9.057142882892443,-2.8064904370443937,8.756753722365886,16.873430845396406,-12.113884366941845,0.49941950751713576,-5.169383562666464,-3.004604241165612,-1.8856758054130693,0.40961762753571435,1.3248752811319258,0.9134357550116574,0.08267137303099331,-0.2748297919704097,0.25682858841776773,-4.090356775129587,0.6289471269080277,-0.4031185916089529,4553.1552367669065,0.34763235164463446,0.01422166358679533,0.3220749795436859,1.1775939633360805e-07,8895.5908203125,1.0,0.0,0.0,0.0,0.0,2941.94970703125,1.0
-430.2081133771753,29.374449861092724,14.441630895750142,4.307739557923715,1.0936307562481486,-13.732834882820288,-14.199023313094521,-11.530285571720214,3.90167459457309,-1.3671665386746565,6.620622123880757,-2.2765014662007355,-5.1587279837930184,0.5525382699638416,-6.27797178809021,-5.717051868383525,15.821705050409399,15.966466291762911,-15.340391419702812,0.7787594913902826,-8.7545039072987,-2.903938881909966,-1.915412346395529,0.4651315551860595,3.2697705291637744,2.207161814336246,1.4088051875610266,-0.45036693220909446,1.3459969891102535,-2.3986167812243533,0.8432712755856067,-2.0680220470381556,3455.9145129343965,0.3154498717564911,0.6736884824931622,0.4447406232357025,-2.1391893834548985e-07,209.060546875,0.08060982823371887,0.31971344351768494,0.3745151460170746,0.30577147006988525,489.867206197949,3494.161114114551,0.8770422379528856
-359.8455809379772,126.04215278139588,-16.91100688776793,3.6790986738991167,-17.853893076540004,-22.405090279926505,-28.02734034862889,10.991431984531646,-7.076742618931723,-13.96536346797437,-23.408308815940106,-24.214878534156753,2.2329295134981804,-37.331882406796055,-8.348314024061219,-10.444401332679236,14.381433873252636,14.473954742720915,-9.940246112150785,4.718457484715978,-9.064637329731898,-2.76175313819102,-1.9616123480278032,0.2274581372673546,1.1048493934673533,1.338015621677607,1.8259617364365208,-1.249847162717615,1.2808387984381984,-1.7650505056214123,0.8295912671587977,-2.969273539003505,1206.2182882951674,0.24092261522170821,2.2527627693489194,0.008528463542461395,-7.521729176050132e-07,200.6956787109375,0.02284828945994377,0.2997528612613678,0.403286337852478,0.2969610095024109,563.4533011566443,4154.625800405855,0.8805756984934728
-317.46512760057817,127.82772894986866,-66.6651372639152,0.40260853032137633,-20.411429278284164,-18.299198661714613,-21.125614822403122,9.388115673038168,-12.577353575989704,-1.2668643792822178,-21.478439013790343,-16.85231223443413,-2.535002848143362,-25.290226839328415,-2.5912101083960914,-14.738628904836286,9.949040161254468,16.01422552505801,-6.485951782488393,7.220283218849197,-8.618126285767516,-2.0998929980312666,-0.9677078554679948,-0.3118833491287942,-1.2330548931097525,0.674690108272852,0.6328532671048018,-3.6608968550632555,1.2902139947699216,-1.2535294826788832,-0.5286833355465966,-2.510583042043584,1164.0580962396295,0.19805056158799822,2.2889099661260843,0.004061037674546242,-7.43260408511325e-07,192.73814392089844,0.11449681967496872,0.31983181834220886,0.38839390873908997,0.29177409410476685,878.5053449910977,4457.739772196403,0.8353701290516956
-315.152945245905,124.30837060282435,-61.755290333175324,20.62484925996047,-28.9310788168492,-22.110069276445575,-38.81153105110825,2.881720220169661,-15.884091681803316,-9.316854794867304,-5.134750485516271,-25.196508444138093,1.2946707081599607,-25.69798427721416,-2.7294330054580875,-13.177014734990433,-0.7632903629102574,14.514635626433579,1.1047680839272804,8.554076596161755,-5.900118437267016,-0.3887831889140757,1.3410434627638634,-0.9804605198629155,-2.734746505453974,-1.3172107923765635,0.1579281624714523,-4.276496359185623,-0.29201065579415214,-0.9244593579520348,-0.5945839258537126,-2.008212849983359,1231.049917202472,0.1639193192061866,1.9298182902857661,0.004766521975398064,-7.197765565771888e-07,181.71868896484375,0.06272026151418686,0.39777806401252747,0.3765967786312103,0.22562503814697266,1154.646607984023,3778.957884203477,0.7659628756596849
-322.46097500624614,113.93825268208519,-40.863401367059964,40.76919779136743,-31.82594057048888,-26.954537370682104,-29.82769702279381,-8.528899385984165,-11.5600430354532,-15.099166144949361,8.383145308050333,-22.09374449020695,-1.5982685050652288,-20.777313882478975,1.9244532703131423,-24.253456529021108,-16.012166044831755,11.207536129338633,5.927668362581139,6.069694797315139,-0.33791943668350605,1.426257974637609,3.3461576090395724,-1.8337795771071952,-3.986425584785289,-1.9785041902892315,0.09206979653742575,-3.321119077543068,-2.0689594777812386,0.6638843698989543,-0.7734267791034718,-0.7854027577196235,1297.9277824694086,0.19574109816424776,1.5782704278826714,0.006347694434225559,-7.083394955784498e-07,172.53369140625,0.026587942615151405,0.35820797085762024,0.5169718265533447,0.12482030689716339,2380.5448856168073,2216.0073604769427,0.48210207169083175
-388.6433622437384,114.59596023894733,-1.0900046613349421,54.39403318116851,-28.909259213224114,-32.04889062977147,-15.412026978716202,-13.64686042574765,-25.393784987265015,-16.765887598653133,3.6402873566529115,-22.2624998193742,-1.472262385670487,-26.41953396943972,-8.176748565930184,-21.525446539565667,-29.00288518874257,7.262531115227885,10.988410948812515,5.046370422338117,4.366936870718431,2.8860092733083595,5.337670083915657,-3.137304595838621,-3.5829395692675856,-1.5250023897435256,1.0950388798834987,-1.6007581953902426,-3.3247320532814255,2.4320171209429415,-1.396767586337183,1.6138835288236941,1004.4804203402239,0.18011090560772047,1.7307372698560357,0.0021724961698055267,-8.004829184990368e-07,166.71148681640625,0.010209409520030022,0.41447827219963074,0.5114536881446838,0.0740681067109108,2008.3957048215932,2291.5276350221566,0.5329229044128554
-424.90579028329375,130.46571846844273,3.791741986664866,42.28659817579032,-37.95713999226464,-12.46165452765396,-4.926536847783929,-3.4180157243891416,-24.630593747567268,-19.08670478586631,-10.816936039953234,-44.005164517565035,-6.113072064097871,-20.747562274661426,-18.362372794006188,-19.466289962677802,-35.84261984169098,8.388306280791038,13.817582531218779,3.2001256264723605,7.803466316308075,4.253625233091616,5.8812671306481406,-1.66613833750142,-3.219015879176417,-2.667572923137771,-0.22825063444194948,-0.9801036476513562,-3.666699690394353,1.3787236542612131,-2.4779050671545533,2.543667339573532,790.3787405292406,0.1843093474898578,1.911239250563085,0.0008187784114852548,-8.498349889920028e-07,163.67710876464844,0.0026032589375972748,0.4397115409374237,0.5027544498443604,0.05753403156995773,2957.114602575173,1353.7916474248268,0.3140387586542451
-466.0443503042128,142.67343632163372,27.003092861319082,52.58501555515794,-26.265322728886407,-4.884978142801028,2.836274288236135,-13.894387071035334,-28.37666116850122,-21.68474543938968,-13.395599404603328,-34.254165987466415,-9.917421662256825,-14.318315235201085,-10.127299590003968,-14.698525106584643,-36.3614027770492,9.125675105585637,12.033027956179152,0.002619543254356399,9.701146085651622,5.728585296046843,6.22230040173873,-1.0422463662538253,-3.109916575081612,-2.110133679590501,-1.7422438144151444,0.25942877932804387,-3.3578352332089683,1.8451849156638227,-2.3562283510867648,2.578902493097017,581.3667984206708,0.19762738537013685,1.5531491646543145,0.000311885291012004,-9.140064586527587e-07,160.50869750976562,0.023220347240567207,0.43182826042175293,0.47897639870643616,0.08919530361890793,1686.4756769478686,2136.5038152396314,0.5588582987708178
-518.6485914341588,186.12313697767604,20.026320479401804,29.289433053670173,11.100811901339332,-5.91311609479912,-1.103785160557322,-9.837404076459915,-31.515726852874902,-14.483014510213135,-7.032373934021296,-31.720898053990012,-24.599588887260474,-8.840316419525184,-7.297724067262147,-9.856561923684254,-27.860833627007793,5.863074412159845,6.696338055135109,1.1886191842386111,9.161520684546387,4.4659472561188345,3.402964587886633,-1.3357075328687458,-1.3870214116275674,-0.5767759774694861,-1.480066310783459,0.38020613544045434,-2.765489174788282,1.5741480728793575,-1.8462246136644351,2.4129506688120834,414.6278573807346,0.16752220972931817,1.3878554897382855,7.484221714548767e-05,-9.431599300746154e-07,156.89439392089844,0.020437108352780342,0.44040119647979736,0.5127359628677368,0.046862900257110596,1492.3493743237211,1652.5263580981539,0.5254663454779944
-542.9443545455144,177.94416418296453,27.35358660125356,41.35010337275479,24.215900910981347,-0.6402793830670559,9.97214595029693,-14.538664410720347,-37.10313377890412,-19.747456733438632,-8.886829630969991,-27.068128321839787,-24.354864681418803,-18.886330830465294,-16.99930254161664,9.666264908023429,-19.047178886108064,1.0113162715301947,5.111324628009013,2.3669842380867867,6.292377703846114,2.8692272709505695,1.1650364797487558,-1.6008365701636196,0.33141926952055384,1.1782378613453928,-0.39522065885054564,0.5823316784467799,-1.098881956471277,1.0332107603867717,-0.6226208238189048,0.8647309272598996,392.7960209489356,0.19447568186915073,1.3339512636885047,5.1894618081860244e-05,-9.476569422120351e-07,153.36032104492188,0.0016145823756232858,0.4315175712108612,0.5327677726745605,0.035714685916900635,1450.035002680054,1140.710114507446,0.4403019451584628
-566.8168130221607,170.31366680816205,36.29880769965037,39.052689118162306,34.65597031346549,12.091148654941609,11.581603138408733,-1.8225369097558226,-34.224749236790444,-32.53586812960426,-10.121407859979415,-22.338658717013615,-24.686396651630368,-18.71191552550843,-23.958657538789375,-2.6212562044073935,-14.878607827356381,-4.716800753134258,4.855727776174161,3.1301643888987813,3.974743286555334,0.9640302793386804,-0.29266823903941985,-0.8812245132265313,1.3093380664227414,2.0284085069546482,1.1637412199054922,2.1099703654023636,-0.35289714533642236,0.4896257844300902,-0.05719267166461861,0.039867210205529746,363.3898511613552,0.19294681608538927,1.0902624195441604,3.523784107528627e-05,-9.559761913482573e-07,150.03782653808594,0.003749361028894782,0.3815072178840637,0.5584941506385803,0.05999867990612984,820.4147589539714,1052.9012810850911,0.5620521356680083
-576.7209119511027,173.3234799927343,42.588031955000694,31.722780098416564,27.897611269455574,17.193005413473344,9.81822546775755,-15.73099805030493,-37.95835298487809,-27.551471501754186,-12.072574858392652,-21.7896434487734,-15.693831326385887,-6.312672343256013,-17.01541035877544,-8.715915315538425,-12.500640307228704,-7.233959793251251,2.579599494165592,0.8945269267508766,0.9377087672074125,-0.5070766087201632,-1.9443192155870985,1.0784161477225789,3.4319370138122824,2.576462751036273,1.7649591056706055,1.5615895203686674,0.30351257742715043,0.14804536655088452,0.039974106524596736,-0.04604828724124316,358.38164952370266,0.22772299097922336,0.619932658970356,3.825289604719728e-05,-9.561623997660824e-07,146.61642456054688,0.013177870772778988,0.33464765548706055,0.5854913592338562,0.0798608586192131,625.6892691858646,498.65972983757285,0.44350973787559544
-509.13480470108084,129.09707291395026,10.481985706238543,80.02760794142534,14.064855772865076,-10.234326842564496,-7.74395544796118,-27.638079232992794,-15.963242314444585,-9.421358384284645,-3.508159225812618,-29.37505705323311,-19.51840637279615,-12.121058484686841,-14.623776479724674,-12.180059297647528,-5.313993383926528,-11.054664465004947,0.23141234492841273,0.3011342368378486,-2.4306966864890027,-1.6599130997658809,-2.099225203310827,2.4443375788449826,4.689680394395738,2.1757910045558173,2.0332733161443017,1.7171293616617862,2.615154247190265,-0.18263928807348906,1.1600229874744252,-1.4385689625985147,663.4694675194321,0.22804369982028289,0.3943873317912221,0.0005201083840802312,-8.740510008213033e-07,143.7547607421875,0.0036188706289976835,0.35117125511169434,0.558236837387085,0.09059196710586548,248.88535077753116,309.04043047246887,0.553909571592268
-543.7989485015736,119.41953418459781,58.701590617217036,69.58334314049169,-6.510347081582257,-6.221035294902408,-2.4857384968541503,-20.579772648790428,-21.454908015131398,1.1052469563715415,-7.658858928326542,-33.07792634451206,-4.991584228058926,-18.92617207559581,-12.710719406657347,-18.819286954782207,9.132917860417455,-7.991980244972057,-3.353384114385449,-2.7411549327486444,-4.480471402444852,-3.112395646617558,-3.1416935588026336,2.9107162010631282,4.87559164792818,2.548313437037369,1.9781323454871178,2.1974919794431975,2.8565599739598158,-0.4251998795334653,2.4336620825129893,-1.3489398149156628,672.2159032187241,0.22930598375906724,0.12090751063078642,0.0006556534208357334,-8.758575244459303e-07,142.44873046875,0.1301252692937851,0.243204265832901,0.5491752624511719,0.2076205015182495,99.620880981988,308.17196569769953,0.7557071395608908
-586.0817130607608,106.82233685362628,53.817341360498645,53.52806169497867,4.445328045205805,0.7031267012498653,-1.9664855802207355,-2.4239232513081985,-17.74427508397519,-6.332895849252867,1.3709558541728817,-15.7303304873904,-19.806756915783023,-11.450326467135522,-13.615644845964468,-10.02041668057458,19.766884200251035,-5.264848027781769,-8.827279371241007,-4.971578984805703,-5.207556978137162,-3.1654754303254897,-3.3703449229550655,4.166728564217251,3.7867005268265945,2.7024492050611615,0.49717025548041016,1.5681759433823852,2.4152288112264246,-1.088528694428816,3.057729270742354,-0.16209943059669285,913.0872534381826,0.17777411450413413,0.008017385378479958,0.00322100636549294,-7.950954929328472e-07,137.78805541992188,0.09232333302497864,0.169737309217453,0.3091287314891815,0.5211339592933655,29.038559780222606,441.84202493657426,0.9383313716413104
-616.9723187949322,133.20610298863863,31.13402310335153,23.46359838575549,13.302824302756838,-9.08156254034601,-14.621156760654753,6.196184225783842,0.3843155995353863,-5.355372450800793,4.5089923294466905,-18.05925026149511,-19.932994775846154,-11.767920838870204,-9.2672592403541,1.3661183571773152,27.653094907523812,-2.4983205544581777,-13.781392628481093,-7.6500900918514,-4.369015076897482,-0.874088977544546,-2.532183278910897,5.422300444955051,2.138502144880875,1.7335740448296733,-1.3702912735239976,1.232340808961389,2.561398439442735,-1.4682715031215932,1.5309757619747448,0.4554748134644184,892.860839459172,0.24150944579689657,0.009200913831591606,0.004596319515258074,-8.017141309360683e-07,0.0,0.0,0.0,0.0,0.0,0.0,772.8292236328125,1.0
-541.4355598490756,99.07836732764832,7.874521780776286,30.518498297560413,6.532479782061985,-12.933329069388302,-4.2971508265382905,12.789409949234228,-1.6522062896127911,-12.905878408561396,6.570248498238032,-13.202709565198678,6.195940748908598,-17.396132830425344,-1.9440908155346568,-18.984563301632843,30.015727024914725,1.486605179825336,-15.718662593511691,-10.339831646304539,-3.5670421484983805,2.1840327385663,-1.884580372153265,4.7996261238576725,0.4099029448354479,1.2735256281042082,-3.9548187813487257,1.7583868314549833,3.039005106776562,-0.6936898890627552,0.17118136988341084,0.4303037682491617,1658.4061488640148,0.18783042210619802,0.1940758815035224,0.04182448238134384,-5.181276910201196e-07,152.4923095703125,0.015676075592637062,0.16504032909870148,0.3712107539176941,0.4637490510940552,427.6886043781422,590.3034000163891,0.5798703697751364
-385.6240960072317,137.11830763589785,-6.735795163113032,17.38789991491877,-12.196276811874593,-18.15493519812689,-14.468868310761252,0.8959883275184839,-7.1247423701887875,-8.115412627894901,-1.2441490812423688,-6.2340887291528615,-2.476548761948952,-23.69122480136032,-1.1314048140135722,-3.8762794834185335,33.094836219983144,2.3559638126850326,-17.398188766255274,-8.233331965444846,-2.3517854554683044,3.2010760750485088,-2.151805775647548,1.7582748520772873,-0.5459395632610909,1.794384047378038,-5.361596298030549,1.094974397168094,2.4847132089781225,-0.10158075133922947,-1.131970234187772,-0.1326940605235205,1157.2100141022627,0.22561329915808132,0.5347548630088568,0.01305565144866705,-7.721317481247463e-07,150.97828674316406,0.011066400445997715,0.17836880683898926,0.3432229459285736,0.4784083068370819,559.2326893657723,679.1744151264152,0.5484258065564899
-379.1924418289614,130.05753625120366,-50.92188868918193,11.514655494316662,-14.57407314827752,-6.8153944164677425,-19.447798116789436,21.300417960378276,-13.164773211491116,-3.218759345149856,-18.866340037104614,-22.323528370764706,-7.492747330467279,-21.157957234674583,2.793569490103704,-10.326573863444926,29.488850259000326,1.582322978514104,-13.609484535970823,-5.906129243352661,-2.313817683925152,3.549367074943245,-2.385894138248083,-0.7577873839802661,-1.5979082371945108,1.7564481144912756,-5.832804740747022,0.4532758399363157,2.2861940024162224,-1.0475901060805561,-2.319419953967793,-1.108028052808684,1174.8612707572647,0.16180259674589345,0.6589432954788208,0.004489290062338114,-7.346971692640566e-07,149.59214782714844,0.020068706944584846,0.17065565288066864,0.2878726124763489,0.5414716601371765,411.8357067993635,839.235704333449,0.6708135897482806
-349.6302250424275,128.21492982876606,-73.87555389055467,0.20625551811815357,-13.837241262217567,10.893535325004377,-12.812410495751763,14.358421940702453,-19.167772659941978,0.05376532330017758,-25.61548643734199,-22.64700186443141,5.949708834280576,-17.69009287388439,-15.821329210454902,-8.504374269641374,18.97369856723222,-0.24302390391852763,-7.374670873495427,-3.68763561288878,-1.7175450551556097,5.288026630925413,-2.302617205504349,-1.4768276439907786,-0.9830076006830705,1.4143980243489962,-4.751251200268302,0.6672963246336091,0.2548675729376991,-1.0876799745388852,-3.4408249160748037,-2.205220549111402,1344.068597307258,0.1464756925092165,0.578492728061974,0.0072775911539793015,-6.890140061619994e-07,149.56253051757812,0.12123861908912659,0.2160625159740448,0.2818555533885956,0.5020819902420044,338.7447301738094,758.1607874043157,0.6911814876073108
-365.80713323454455,132.2039530176006,-64.02802522415152,-0.5114233183223618,-18.06112994373461,15.717839994303937,-19.56507287527596,7.615545051475722,-11.942536102115927,9.603079054304017,-37.80603701597089,-10.482139382867265,7.339584135965476,-15.618824847519672,-19.961669353244567,-11.998009236181595,-0.49012759588404897,-0.713995420284418,-1.6257072227851475,-3.394610760289953,0.28282340404311457,6.831494672714978,-2.540556461600307,-2.114205125743613,1.0489744885228316,0.5049668441003221,-2.3022072640038505,0.6603779419185195,-1.2020141693903157,-0.28535125723441485,-3.8454493285772893,-2.431925545384347,1320.2237125027145,0.15444975610338937,0.45135245379060507,0.006768317427486181,-7.114890793409837e-07,155.5686492919922,0.06683827936649323,0.2340640425682068,0.32309478521347046,0.44284123182296753,293.59850826484796,507.4911523796833,0.6335010640024639
-386.8141664527697,130.47357360094,-46.68332482368167,2.9926095534244173,-6.060614406829411,19.017038265129326,-18.680595970164653,-7.944121954964384,-21.34111984023394,10.942677836471068,-37.278672228946924,-16.01537321252334,2.4001783325821306,-13.421967441826737,-22.838134630373034,-16.555754492067386,-21.429733878885,-3.766479058704042,2.918180455045725,-1.797912213614742,2.431565873071237,6.865936661695271,0.15532972413574392,-1.5668374208144047,2.6718954081160864,-0.9911449713552649,-0.3684650598286682,-0.6415703327648665,-1.831862903873904,1.019663539233725,-1.9452914989527195,-2.225273102714394,1223.0261272732607,0.17339926990122068,0.32412082701921463,0.005911458749324083,-7.327168339233922e-07,158.60293579101562,0.06834019720554352,0.27985551953315735,0.3313412368297577,0.388803094625473,204.95468329437222,352.02523613922153,0.6320250045947876
-413.18025448084444,118.26963017891862,-39.225702549464415,0.09973657607863134,-3.032312205997734,11.28198005866308,-27.49047167619308,-3.964180329867756,-17.262899583375983,-5.50648506656912,-26.499389742107837,-7.721157482420564,-4.942112803446741,-28.31258007944828,-25.547517245001867,-15.53568617194123,-32.86549646756074,-4.619560144886543,8.003557284178905,0.006722894849538835,4.0944793008739655,4.0347957993209205,0.8734303526257641,-1.9356819950348936,3.443735126835973,-1.052426475484309,2.7016389650000883,-0.552755362994344,-1.8666750313954283,1.1503666667260222,-0.6666449317774306,-0.3958577816962946,1196.6509665851845,0.20392011967554635,0.24486279767006636,0.006301259156316519,-7.265265562357653e-07,166.1858673095703,0.01869477704167366,0.3698316812515259,0.34938764572143555,0.28078073263168335,141.40678229491675,193.01286492188012,0.5771576715908505
-431.30961123845765,117.95306011728769,-20.910572787372605,1.167300367442075,-7.482824537190835,27.858059743175595,-29.630241686655552,4.450235643715734,4.149851017290507,-2.423451924106519,-19.205361175749573,-10.230674459363684,-13.902887431387896,-26.415196796741796,-26.634888540358933,-27.541251379253826,-41.138716552310626,-6.194206241988193,9.961174366240863,1.1540360987278178,4.392831609602269,1.3419180874215622,0.7392545593174412,-1.7663457400744185,2.3320161227579765,-1.6793868645337742,4.10439342997264,-1.0950585455110688,-2.2238958156035635,0.8758677164781212,1.5051821955069045,1.1011531077866725,1214.5487433586368,0.20067089388514328,0.1022421857342124,0.0063745430670678616,-7.305277478646163e-07,169.3567657470703,0.00488305976614356,0.41931065917015076,0.2986032962799072,0.28208625316619873,65.43857950325635,112.08234029654834,0.6313753918295756
-488.2334456853898,108.07166375543872,-18.526153679383256,-3.2243424958888927,-0.4752955482910519,43.94978184276283,-25.546084570317117,-3.3814173050281715,8.218865978635634,-11.178711542480944,-7.759630090536466,-9.258693745911863,-3.652452427952579,-17.123142628033023,-24.573473226902635,-33.097316350666915,-41.68250575280711,-6.13989621406781,9.466805848882823,2.196910118704584,4.960183613676182,-0.23243647265653988,1.0535718786417114,-1.1331883400326086,1.9777823899045381,-1.0542750869711073,4.810988397215553,-1.5084517869840235,-1.1325003304727053,1.2703747565016557,1.6372323721166215,2.4034038373639484,1346.913595447283,0.2259835008912879,0.021729684434831142,0.008281858637928963,-6.930005118978835e-07,164.0152587890625,0.020507298409938812,0.41070759296417236,0.27336299419403076,0.31592944264411926,14.556144623445853,36.29951104672016,0.7137753032258106
-572.6063778885953,105.72504169257063,-19.942960815038997,0.8401528050896069,6.768715287256519,39.38693530770382,2.8250576871018453,3.7538279581864873,6.5872383906562,-11.99662339630392,-21.13288188786048,-32.55467886691103,-19.837991129256235,-3.8863918984247636,-2.982253622658261,-9.774461369971814,-39.60112632506527,-5.77990976141457,7.56335168804796,2.18236435357623,4.850683108234131,-1.0713318222815773,1.1574526754224281,-0.8545347986737526,1.6424803543864404,-0.6417311218874365,3.3997057158978543,-1.3151017098568847,0.0036967684727425565,1.7870276012855584,2.3796453942372873,3.3354189676254653,1307.9834025652722,0.18891839094651697,0.0012742523103952408,0.012004626914858818,-6.95337325360677e-07,167.06591796875,0.01457210537046194,0.41340357065200806,0.15625573694705963,0.4303407371044159,1.5093006625147125,5.323859737875912,0.7791211424762644
-632.6057567859019,92.82782318204613,-0.512098014596554,12.952862837110006,22.95128428759496,16.010266292580443,-12.34652668789988,2.618525300323767,2.7215516483429365,3.765062800825471,-1.2452402002309828,-25.24199857058776,-6.580313105794555,-10.254766736393535,-13.580320763079724,-2.0158474846022387,-35.21435912247639,-5.447155677897272,5.829136211038115,2.9114688551428536,5.0603272833848845,-2.5526045610599497,1.2310804059710017,-1.2969089860907719,0.060570650846375584,0.48924662111804135,2.0757285144542164,-1.5858530042983665,0.508740781100774,3.5508357478828727,3.354852867357128,3.075641379799677,1588.9791048374414,0.22905777328869895,0.0008843531832098961,0.033883582800626755,-6.349754038401094e-07,24.202119827270508,0.06515464931726456,0.0,0.04373861849308014,0.9562613368034363,1.0419387954424724,0.9646997314740315,0.480754116166819
-654.9526021445196,79.75769113566372,9.360046974050388,9.325830524620425,14.242003196849634,12.451087945308236,-18.376425351624455,-14.383665059835186,-15.520217137364464,-7.8708182192320635,-4.228017682993413,-19.34894876324039,-6.172135831407198,-16.140267844611984,-8.201059228857169,1.526062017107828,-28.06898422026981,-4.726507609302192,3.834110270798406,2.2948614105875427,4.712286952366297,-3.6679813929684206,1.155367617594156,-1.552116891667846,-1.2959452320540237,0.48161741572509437,1.3356941324532912,-0.3217344340236166,0.9824838544552813,3.5432435370778816,3.231658603566056,2.7335585122811854,1749.987380412737,0.23413503564355978,0.0007832124829292297,0.03339449688792229,-5.736572582657328e-07,24.301982879638672,0.1070941612124443,0.0,0.06087350472807884,0.9391264319419861,0.8716282326542353,0.8400590937770391,0.4907783570078143
-644.9039499427754,93.92032976015622,16.342828400274378,21.347536493921815,24.559977855740616,11.90939363623092,-19.675419997141397,-7.669873614073752,2.756950260099144,5.6565937258668155,-2.5743965601134633,-16.267312878619386,-0.9158091224921103,-9.185586094012544,-18.277747293018397,-0.7099309035937932,-19.023342614170023,-3.488196705338797,3.43724950450298,2.043339542539985,3.4185604296050522,-3.340200562725937,1.2518534044104448,-0.47543733955269407,-0.7527652350905548,0.7288646140940758,0.21304369564774453,0.426579026780945,0.7270291177576043,3.042307510597575,2.3166679387197258,1.3714643611959854,1557.7062682419637,0.2419441926412255,0.0004958733916282654,0.034125085920095444,-5.956676133082112e-07,29.486562728881836,0.14221449196338654,0.044851917773485184,0.2555480897426605,0.6996000409126282,0.6286320858762986,0.9041689461900466,0.5898801783628437
-659.1237165041414,84.94554712795343,5.451728487825415,11.668658506846565,29.28635584438704,17.16486553420907,-16.10689223623686,-10.065909271478693,-0.5094392471430269,-8.067858524431262,-13.344100595929355,-20.77731895512016,-3.697508531572561,-7.816357360594953,-4.560983952507951,0.05218965635700479,-11.112329390563087,-2.8389023008557808,2.6256693462104677,1.1356447468064546,1.9363841281568148,-2.4803884491228305,-0.20414835076748128,-0.7883369943968409,0.3235593594020666,1.0310972891408963,0.46883058433873104,1.8983187130675252,1.1241985389427995,1.761497757434072,0.44725677081213217,-0.5362497020689152,1659.6297658747062,0.24757963511241654,0.0005062604323029518,0.03572973608970642,-6.173295158057104e-07,29.420839309692383,0.236219584941864,0.025391606613993645,0.31101155281066895,0.6635968685150146,0.6127980883510908,0.6625717942325273,0.5195134394190829
-671.6132541760535,74.88543438932822,3.6793716726075987,21.48839187387999,30.90975307917798,3.7669632433536,-16.80173920134836,-5.852105025805297,-4.602050381081786,-3.3835847279967917,-6.5782402765880335,-23.396092134642593,-9.74982073898913,10.095517281221236,6.376685759074416,-9.114969821960685,-7.0804956445265,-1.7866247631879884,1.6177464623877476,0.22451110822146997,0.4351865158963624,-0.8383943357690081,1.309043889102363,-0.2889589756395934,0.5384984079185121,0.41299151253571476,-0.24978221750183846,2.260911594437969,0.516699193285437,2.1279672783216457,1.2928388189594704,-0.7833921014721374,1747.7824774915161,0.24966415991644023,0.0005038129165768623,0.04197518527507782,-6.096016187271128e-07,24.355045318603516,0.08211572468280792,0.0,0.03494079038500786,0.965059220790863,0.6208244767168898,0.433788517477141,0.41132483656590646
-668.4763005775155,82.06173864011879,3.0358610054603794,9.542749483847103,28.001699607100146,15.111705849040984,-7.559788160490044,-7.496533597287136,-2.1341510277712166,-3.482800966289886,-3.61809310540648,-12.585993557057417,-4.0789706759487165,8.017148897975577,0.5910930710586215,-9.764438249982252,-5.790860669926123,-0.8928012549678955,1.6709448256077206,-0.09957528146934452,0.14894751664878414,-0.007062881515430552,2.478653849353579,1.0732983351520888,1.000588291517002,0.7510796004461249,0.41885826007068744,2.4057839058507926,0.1236366254822969,1.529611753525969,0.9385251434616813,-0.657479737664029,1750.4267379505716,0.241388473663422,0.00047821830958127975,0.052454639226198196,-6.087198338000297e-07,24.715595245361328,0.1202593594789505,0.0,0.0,1.0,0.47241861706620103,0.5525622856056129,0.5390952008620364
-681.1346155962686,81.17042086298218,14.679817300741067,16.045331619201228,27.138050098226135,16.996402623259137,2.680573859410812,1.080669984262047,3.3775360582548792,-3.0075253128694035,-12.75454547624829,-18.402382996590546,-3.600184009930527,7.327694803818685,-3.391986246558795,-8.614839013852377,-5.790860669926145,-0.8928012549678915,1.670944825607719,-0.09957528146934348,0.14894751664878628,-0.007062881515429373,2.4786538493535772,1.0732983351520884,1.000588291517002,0.7510796004461244,0.41885826007068644,2.4057839058507904,0.12363662548229677,1.5296117535259686,0.9385251434616806,-0.6574797376640291,1651.2220142327956,0.246476354838051,0.0004260549321770668,0.038440603762865067,-6.492429563406809e-07,58.939964294433594,0.07368142157793045,0.05651102587580681,0.5286574959754944,0.4148314595222473,0.42906014225758443,0.38665564753733744,0.4740078007249879
-689.455499364449,75.49125900951135,14.376100057826498,15.411799096015123,24.207110840650756,2.1468049692053075,-17.634231779408857,-10.815843349060975,6.095357579751847,8.615313013075491,-4.772445525441357,-10.808892640481751,-4.048189540617255,-7.549755907175086,-14.474337360848077,-5.122453390931169,-5.790860669926145,-0.8928012549678915,1.670944825607719,-0.09957528146934348,0.14894751664878628,-0.007062881515429373,2.4786538493535772,1.0732983351520884,1.000588291517002,0.7510796004461244,0.41885826007068644,2.4057839058507904,0.12363662548229677,1.5296117535259686,0.9385251434616806,-0.6574797376640291,1844.368082014747,0.25064244433201877,0.0002636527642607689,0.05396537855267525,-5.543850539551844e-07,0.0,0.0,0.0,0.0,0.0,0.0,0.0,0.0
-692.4825396937622,76.32418239938627,21.427531528745483,14.938632724996193,21.037379231268517,9.132348915900435,-6.582286477738952,-9.409341335066582,-5.316768224637438,0.7811321944632893,-1.9250799954859044,1.2863369633826875,1.0147680552077896,3.0068414717952248,1.7863203411840616,-2.3737314189409418,-5.790860669926145,-0.8928012549678915,1.670944825607719,-0.09957528146934348,0.14894751664878628,-0.007062881515429373,2.4786538493535772,1.0732983351520884,1.000588291517002,0.7510796004461244,0.41885826007068644,2.4057839058507904,0.12363662548229677,1.5296117535259686,0.9385251434616806,-0.6574797376640291,1782.698239973009,0.2653065781258631,0.0003525996580719948,0.050940681248903275,-6.120399551542594e-07,0.0,0.0,0.0,0.0,0.0,0.0,0.0,0.0
