MFCC_1,MFCC_2,MFCC_3,MFCC_4,MFCC_5,MFCC_6,MFCC_7,MFCC_8,MFCC_9,MFCC_10,MFCC_11,MFCC_12,MFCC_13,MFCC_14,MFCC_15,MFCC_16,de_MFCC_1,de_MFCC_2,de_MFCC_3,de_MFCC_4,de_MFCC_5,de_MFCC_6,de_MFCC_7,de_MFCC_8,de_MFCC_9,de_MFCC_10,de_MFCC_11,de_MFCC_12,de_MFCC_13,de_MFCC_14,de_MFCC_15,de_MFCC_16,Centroid,Spread,Energy,Flatness,Slope,Pitch,Inharmonicity,Tristimulus1,Tristimulus2,Tristimulus3,Harmonic Energy,Noise Energy,Noisiness
-673.0855934192771,74.76922707417253,22.098152370116544,4.045389652330133,8.90653194238344,3.7575964442699386,-7.441054493718401,-3.79202162538214,9.7472791238182,9.287072564018558,-3.3451807126524784,-5.2740520527876384,1.593114917260917,2.901757931149787,-3.5243860222596393,-7.462907648478161,0.5605276266491791,0.19343514950591287,-0.049299842022728003,0.2989935159488666,0.1945264526637977,0.16517711329323123,0.26521919458692217,0.3218121125808104,-0.031516667448148704,-0.3230356168456536,-0.3298496384266118,-0.6703327331582619,-0.784984508825005,-0.5098634260238625,0.33525717965885643,1.134467754162809,1722.9523480626692,0.2820132633993102,0.00023200642317533493,0.027083944529294968,-5.266654677585158e-07,67.4844741821289,0.10839544236660004,0.11648086458444595,0.34645646810531616,0.5370625853538513,0.2450215777321618,0.4790667334632117,0.6616136817238994
-680.1507964783468,65.77673532338429,19.32730505827282,11.116544172734494,21.552397779584332,13.692504832556574,-2.3328310772001597,-3.608807283224838,-0.9940122855191871,1.900338834510695,0.4058260643632494,-0.004597384537488702,-1.077231901967564,-3.906682353168338,-2.659838525833041,-0.450897162860021,0.5605276266491791,0.19343514950591287,-0.049299842022728003,0.2989935159488666,0.1945264526637977,0.16517711329323123,0.26521919458692217,0.3218121125808104,-0.031516667448148704,-0.3230356168456536,-0.3298496384266118,-0.6703327331582619,-0.784984508825005,-0.5098634260238625,0.33525717965885643,1.134467754162809,2033.7093815847768,0.28886073696008596,0.00023080036044120789,0.07305381447076797,-5.121678560518399e-07,33.065799713134766,0.08631447702646255,0.0,0.15117284655570984,0.848827064037323,0.2462201764257635,0.5640088866082942,0.6961104116609383
-675.9979836832788,71.38203835615457,22.840770819940147,11.448023278219932,18.058617990691793,12.289445284295866,0.696024248758649,1.1749078997036608,1.4549815329704936,-6.7829326935779175,-6.3296728134770355,5.330770485369563,3.7884634573458484,-7.941890548138106,-10.838695193796266,-2.829671783933647,0.5605276266491791,0.19343514950591287,-0.049299842022728003,0.2989935159488666,0.1945264526637977,0.16517711329323123,0.26521919458692217,0.3218121125808104,-0.031516667448148704,-0.3230356168456536,-0.3298496384266118,-0.6703327331582619,-0.784984508825005,-0.5098634260238625,0.33525717965885643,1.134467754162809,1865.0051856709374,0.28298662659348534,0.00024392548948526382,0.055181264877319336,-5.132092508495119e-07,289.082763671875,0.009439706802368164,0.4200734794139862,0.2974022924900055,0.2825241684913635,0.043858248803058934,0.805376451399883,0.9483555620223972
-681.7801262354562,67.49230959411327,27.1551075998521,16.477686814123672,14.273165683351465,-0.030595699685059596,-16.004601913864825,-15.417110717095913,-4.804710088389233,-1.7520260673799637,-6.0968184812711055,-3.6389104396664003,-0.939734478966913,-3.7943345338767456,-4.663534035450036,-4.872717483716819,0.5605276266491791,0.19343514950591287,-0.049299842022728003,0.2989935159488666,0.1945264526637977,0.16517711329323123,0.26521919458692217,0.3218121125808104,-0.031516667448148704,-0.3230356168456536,-0.3298496384266118,-0.6703327331582619,-0.784984508825005,-0.5098634260238625,0.33525717965885643,1.134467754162809,1967.8784498287619,0.27133591793826944,0.00029769167304039,0.06404222548007965,-5.525708127676862e-07,20.651840209960938,0.41136273741722107,0.03931501507759094,0.0,0.9606850147247314,0.2945397352631084,0.5735510731284627,0.6607040042172064
-667.7007059321999,79.06431708396758,18.49536904314678,-5.941333258557707,-3.9017974463709244,-0.4390430761643243,-0.6298730340145142,-0.1936885415170333,-1.8063748560389166,-9.92946861799921,-14.73638086221947,-6.8812790097419505,-1.4357967656136863,-8.345621482415334,-11.68146496121891,0.2904484020633086,0.5605276266492039,0.19343514950591048,-0.049299842022730106,0.29899351594886564,0.19452645266379665,0.1651771132932311,0.26521919458692256,0.32181211258081077,-0.0315166674481481,-0.32303561684565274,-0.3298496384266115,-0.6703327331582628,-0.7849845088250055,-0.5098634260238623,0.3352571796588574,1.1344677541628096,1833.0944338381719,0.2671287189439315,0.0004026675596833229,0.05080512538552284,-5.572507671425202e-07,250.7494354248047,0.040788065642118454,0.4177413284778595,0.19933271408081055,0.38292598724365234,0.10255550334376637,0.8475694756753986,0.8920610386965758
-670.3437027232596,74.20144741404066,19.002696450486127,9.528821921077549,20.14399042428233,14.008509438158391,3.3681201378166796,3.8611162375472854,1.5952992256890988,-5.725329606852973,-9.70968889841611,-6.038585418358039,-4.427765449010851,-7.238435535901084,-7.051888392607404,-5.258802924238783,0.9592496934067988,0.8982740067234545,0.7427635602330752,0.5784235759168233,-0.17541180643329315,-0.2781250371273945,0.24745964865141934,0.7718320738854234,0.7908445105092399,0.4189659109325576,-0.10334943476102662,-1.131320541032084,-1.1658521561423094,-0.03253296728258745,0.9808743510045947,1.3662772635314704,1771.1953084270742,0.27411077622638563,0.00034491438418626785,0.03776814043521881,-5.452134682521882e-07,67.1723403930664,0.20112772285938263,0.11994142830371857,0.3944632112979889,0.4855952858924866,0.3538470215058395,0.6157813125395706,0.6350694290981105
-671.8941309434751,70.02916950203786,15.352631026180596,5.214738779166284,11.097257485291134,6.82707991425299,-1.4479068849739931,-2.760308230682621,-0.35901599879570545,2.2280776801558995,-4.723113231762707,-13.76000487316129,-12.793024453621332,-10.930903093023495,-7.773879622347251,-3.990621388961177,0.11573965888453246,0.21571301534620016,0.7967715318855946,0.8599082824222349,0.01756482349954958,-0.8494228026335555,-0.6859967125611406,0.4617388675336685,0.8482462287524251,0.7824406821154739,0.449706723896054,-0.5309240486971595,-0.9663564450769033,-0.13794516444071261,0.9048867304030759,1.0086433590623862,1987.1678707786489,0.2680099889008411,0.00030714645981788635,0.07735229283571243,-5.887278752760058e-07,20.21253204345703,0.06897331029176712,0.0,0.1885618269443512,0.8114381432533264,0.3594027675996905,0.5061036429990644,0.5847485781751095
-671.076453271074,73.11240448253704,19.85321393527906,11.97472794845337,20.6859808528772,8.285684601240593,-5.459988085942374,0.2809879806815382,3.462197226618146,-1.116189359178985,-5.628107645445912,-4.970275777724632,-7.24087305523225,-9.100223724293317,-2.3716196314292124,5.313784840814832,0.5560026626141663,-0.13840243275841407,-0.25279540727547134,1.012565510627529,1.253036929508113,0.05023337959106897,-0.2887288137094051,0.593548276805044,0.25939350626438046,-0.2831272053115262,0.048938577481483406,0.3295353406284179,-0.3918623059797399,-0.45409887808709415,0.2984604418237511,0.4974854014126084,1862.5657922966639,0.28002710851509455,0.0002626301720738411,0.06268448382616043,-5.344945937357553e-07,53.201114654541016,0.3415306508541107,0.1657530516386032,0.18329773843288422,0.6509493589401245,0.27292201726728393,0.5815487721652417,0.6805952635917046
-676.3944686729446,71.16815241947313,26.746395766242184,12.740513032562315,14.487215494838352,9.511774717715966,-4.888613764411957,-4.734135058067421,5.239368415356496,3.191755154602369,-3.667537193265693,-1.4594778313328798,3.6038298478289303,1.5044940920843686,0.35298830538518194,5.907593323852097,-0.12460751178254512,-0.8162037594370363,-0.7468135926983581,0.716382311780465,1.2572495609487404,-0.0756994280692974,-1.2065750437018143,-0.7926042732546523,-0.2102381027260628,0.10002184222410135,0.5478151400349541,0.6053881882816172,-0.28584652661576704,-0.22460969334195674,0.4346210252062647,0.09869562862889628,1960.4439803826003,0.2722085369433585,0.0004055900499224663,0.06906413286924362,-6.425418014012981e-07,37.50699996948242,0.3310147821903229,0.08752886950969696,0.19792567193508148,0.714545488357544,0.3164346582880152,0.4649585120687353,0.5950378499679684
-669.7681675643678,78.85999932801772,31.97617108857049,18.285991919134208,14.643601237296632,5.629211302513424,0.499743711227727,5.193061616787491,3.535071838515413,-2.6534933162754264,-5.8786894977374455,-9.49635512760796,-12.436662826829934,-8.180200344713679,1.5366605781214617,9.467329244763015,-0.17124404922931208,-0.30916754967114307,-0.25534746086556487,0.13231625661043506,0.27356363569663766,-0.51070793394501,-1.178571298327267,-1.030804745205897,-0.6320775756125527,0.03492892920440589,1.000416195358511,1.558514614373441,0.7167661128845386,0.16365866889873287,0.14590797543715406,-0.03205829960308887,1666.1789857057254,0.27308244336216103,0.000338040292263031,0.03421981632709503,-5.498737281033952e-07,127.86812591552734,0.30521559715270996,0.15135283768177032,0.4029287099838257,0.4457184374332428,0.16258903538727326,0.5963349720284983,0.7857637473600174
-678.7407887960012,70.31230935104236,26.838403448939335,13.03801903339158,8.714259599972802,-8.241454694567027,-17.635788237339383,-4.191383015212237,3.934242383148412,-2.083118973393503,-6.302485840405913,-1.2179847284945473,-3.9007233630763904,-11.18127939677289,-9.102834021525352,-3.906775846515531,-0.09271240633434699,-0.12976993324906666,-0.15505188348340238,0.05556841850957796,0.5632851666484707,-0.3103878550050316,-1.168594491527394,-0.9070470446870584,-0.7189845032654419,-0.15178663171273685,0.9278003448042518,1.790890510771506,0.883281409912496,-0.11671922217696623,-0.45895728639451494,-0.9081542513428458,1912.5511297092696,0.26593202162442003,0.00025733187794685364,0.05416468158364296,-5.485166173302785e-07,29.28560447692871,0.09574364870786667,0.1172243282198906,0.3651082515716553,0.5176674127578735,0.09437428822916973,0.6965792287309743,0.8806828894422563
-664.3227072954713,69.36625721608362,7.7707221823180355,11.171626692197298,25.509381932321407,10.093189074939744,-5.28673278385828,-3.688131692522753,-7.5887528337652315,-13.660533894407529,-13.867554795372609,-4.289597947007827,-5.063739007019003,-11.117041161285659,-8.446592080161484,-4.100138038797786,-0.3946861074726027,-0.37339374014942067,-0.5447035911690659,-0.5346163438870599,0.3636728223248695,0.5267946190973728,-0.033114935222880615,-0.7065126311594108,-1.167798515166638,-0.6854034144685012,0.05062887206465347,0.3320427874541163,-0.08569960703740372,-0.7366330603580936,-1.2406342760122815,-1.6041252131696528,1918.2543909515516,0.2615459207820732,0.00024202372878789902,0.07031508535146713,-5.050103619871079e-07,90.01355743408203,0.11495723575353622,0.1350403130054474,0.3299504518508911,0.5350090861320496,0.18248880385287858,0.757812018405117,0.8059250831934207
-670.9893076801928,68.8691847050074,6.943520354095252,-1.917158279973405,13.634996183385178,9.560341404302005,-5.633351271395332,-6.9332977095459665,-0.23675519628548408,0.06218654707703791,-2.548422571583299,-4.251687023892895,-8.393717598717128,-8.910630356526465,-4.428714670258,-0.17842470479386396,-0.25232675451997166,-0.09309352120376395,-0.7225820262773897,-1.298721054764295,-0.035832697940460165,0.8453125014608551,0.6376529000650141,-0.1561812463728687,-1.0955104949302723,-1.0081468452643882,-0.5590436304139722,-0.01835408522357057,-0.06341144652885128,-0.9736487102558132,-1.6484736246325518,-1.5592205873751996,2085.946422397198,0.27175076010205607,0.00026932358741760254,0.11515672504901886,-5.413706561778848e-07,53.25278091430664,0.056609828025102615,0.0,0.3229435086250305,0.6770564913749695,0.3869019501956493,0.6320290810314625,0.6202864194550064
-676.3812738661983,72.52095716708077,27.497561497372892,17.189662692509565,21.375679370155645,7.832499427667655,-8.071200080086506,-6.622341005505305,-2.1258034721381436,4.013913480635507,8.4439967735754,9.80718321922429,3.8118173816987797,-2.1189079640823794,-1.9707006690232627,-1.4382711990123824,-0.8976334325353358,-0.5682158709789846,-0.32809092794337397,-1.1238413708485355,-0.008880123678443826,1.3552759824220815,0.14274389399006213,-1.396863321146616,-1.3243988409248217,-0.41525751088604435,0.07166361624508366,0.4286940106570014,0.5402679299459561,-0.3136074634753595,-1.284034452244002,-1.1688233275156483,1791.2715921775089,0.273389662008704,0.0003933347761631012,0.045668408274650574,-5.493883277135754e-07,20.269424438476562,0.10419604927301407,0.0,0.0,1.0,0.22245370952498839,0.8298885861216792,0.7886108821766117
-673.3701471557472,72.04912537511046,23.246392034995772,11.2444909617699,16.738925579029754,1.370873182957619,-15.199427385013614,-7.8686375082815285,-1.4337650498189611,0.4202455228996692,0.07747263960267525,2.114673841829579,-3.6777783643118713,-11.97590581738778,-10.072263487677109,-6.114017294020268,-0.7598687687428877,-0.2735773805851305,-0.013046446852511329,-1.0376358401980557,-0.26065030145822965,1.4425439188209617,0.6701803850294425,-0.761328731940291,-0.6512550610558917,-0.2859901694015793,-0.6982942659400677,-1.0784463769649788,-0.284229422399106,-0.12409250060274178,-0.892502369371575,-0.38692614426140404,2009.893732888183,0.2640722801770019,0.0005602622404694557,0.06973663717508316,-6.109437008166733e-07,20.405458450317383,0.1278347671031952,0.0,0.09153203666210175,0.9084679484367371,0.3509807666439232,0.6909739891391579,0.6631516246786132
-677.896303149098,70.38107090554496,21.520688435487706,9.364458284895354,19.85606741232409,16.74118695147557,3.0612607553367654,-1.372644664319207,-5.176743351814573,-13.18863813100258,-15.777290891989466,-11.563591320351273,-10.066152547041881,-13.637728147937866,-12.577044141061187,-5.211172956868399,-1.4879016540538506,-0.40644794125869593,1.052938262136088,-0.19066146247581806,-0.48652101326845226,0.49383922374906625,-0.13392423189795477,-0.9387492381158331,-0.49562298143206374,-0.573398299986282,-1.3063583193287944,-1.455661465110919,-0.49121795829732506,-0.08718169946682609,-0.4808485198819653,-0.16220539782688162,1645.6014078930216,0.2702948778790164,0.0005007917061448097,0.02227182313799858,-5.573985582825197e-07,66.9146728515625,0.37373459339141846,0.0653611347079277,0.4731098711490631,0.46152904629707336,0.3662642784034678,0.6303734831893972,0.6325000993158336
-673.7539474796419,74.47386291848791,20.613573240101495,-0.6568975274901916,7.06146804547382,9.616488975962877,2.232978351375642,0.41960553194985706,-3.3411612397731822,-9.699383005225432,-13.397107736027557,-5.374886541849047,-1.4555861565065848,-10.85931079832806,-14.92309564442478,-6.033684821746312,-0.457637788654951,-0.2817779928233733,0.2752039251187607,0.19279196989746775,0.43249644299334766,0.7042288075031204,-0.028958760570100994,-0.6121361503003402,-0.5415774590792283,-1.3036682653039704,-2.3652447982706017,-1.5608787457137236,-0.11498591618188576,0.13681199995324228,-0.36418658662514375,-0.3281639611616789,1805.8972149519834,0.27597622420595924,0.0003568176180124283,0.03769642487168312,-5.602035525078142e-07,29.446447372436523,0.30922508239746094,0.014678463339805603,0.15185771882534027,0.8334637880325317,0.34033050154549616,0.5506314435114191,0.6180190372510741
-679.5907922439654,65.91320407549236,20.772728779238292,9.312730670282654,17.80066795908173,11.288261403015394,-14.043150561650567,-20.142038175201197,-11.781110335757672,-3.4956205813502756,0.8156254131669793,2.0971378625040424,-4.844274821157825,-11.09912638713626,-9.882546753559364,-4.430423330206713,0.1128370717471194,-0.3546250664600015,-0.7680016078065298,-0.4482499558459853,0.08391389740787264,0.10987251741348696,-0.22699746533551252,-0.33321063762105263,0.166670440708401,-0.6304940762014942,-1.7600607868020606,-1.4775363320247608,-0.24757947568283878,0.45123823482271347,0.1626553615704738,-0.23280190731789255,2031.3648126878736,0.2816145764267326,0.00030158087611198425,0.06667231023311615,-5.017589298542845e-07,53.02859115600586,0.358579158782959,0.0824214294552803,0.32104769349098206,0.5965309739112854,0.32883899654629556,0.4804206565451351,0.5936545269616411
-676.9266793953245,66.53107095635255,11.550393620929643,0.19382417251867734,14.252707616442688,10.24515417490824,-7.73204914879484,-8.259759838352204,-0.3753774145326729,-4.815233820149373,-16.309620487298268,-16.280438846231164,-8.32833607737897,-9.202057719561395,-13.51462720195769,-5.592098543939667,-0.09946748144688464,-0.4462431834774203,-0.46282899528569627,0.40477274697535465,0.5649651421177878,0.05211035512983604,0.09812109046877193,0.13285643486592302,0.429843265234324,0.07507723650050985,-0.6209338102764336,-0.4644109157251375,0.5986021344869169,1.1053122913633036,0.46375775603159936,-0.17699905546032962,2034.558510032366,0.2835168162145094,0.000425117090344429,0.06898511201143265,-5.256311244101902e-07,67.49046325683594,0.24090683460235596,0.07902000844478607,0.4981749951839447,0.42280492186546326,0.2751478620342571,0.607113950652663,0.6881335471198772
-680.4874940500731,67.72081556864417,24.130262222024434,13.642281049119447,21.955153247427436,13.197882917295875,-7.093699047593253,-12.086735842865465,-9.614628412262473,-12.318768955757779,-15.959200374406521,-11.375543282638127,-8.708546473005514,-7.995235674249841,-3.6762543981612237,-0.9969706793129803,0.09701503081764012,-0.26145125497360777,0.014277512664271297,1.1558800144317314,0.9313324497652583,-0.5792678761253359,-0.6652408264915216,0.1361086828151228,0.6193704284486886,0.9584908528451466,0.9571165246357397,0.8107867139529046,0.8271192448330941,0.7546608653311261,0.24551084165382475,-0.6939173797329968,1926.6697264771212,0.2803382716969572,0.0003860723227262497,0.041698157787323,-5.194201663975006e-07,51.80460739135742,0.05983866751194,0.0,0.29257073998451233,0.7074291706085205,0.3595881139455284,0.5474641645731484,0.6035640696115354
-672.5723209786055,72.11861492837636,19.632042808483426,9.173522799309989,21.444796264935672,13.025826790767375,-6.258444743179341,-7.1291342932751105,-1.6219004490380282,-7.048840321076108,-15.679379197494514,-5.995449284885384,0.2915759746453418,-4.472779063715829,-7.564790662516849,-5.88800629369932,0.7964711715771013,0.6794702558730261,0.45039071942235215,1.1366892816809504,0.9361374964934149,-0.24922696745395373,-0.020393547457255204,1.032985425563496,1.2985002432711306,0.8497199451066035,0.3169720254203836,0.16282282636990522,0.42073038621336023,0.7742461838908069,0.6806531639462,-0.24648606063577405,1859.0932697795022,0.282033441979404,0.0002881530672311783,0.050018128007650375,-5.077857636684106e-07,29.326990127563477,0.13110628724098206,0.039838213473558426,0.21332404017448425,0.7468377947807312,0.40643925690143795,0.5319055197289637,0.5668550973758684
-673.1983089934396,70.46528966421556,19.649307311683806,9.667547669550455,16.257632006550406,2.3538577003661474,-10.613162264987267,-4.648241049227261,1.992851261815994,-1.4976551632964876,-5.320193221606404,-3.6409053588719393,-1.8395060645617982,-4.2132390135313225,-6.213986846403108,-7.317305767250852,1.3427377349864202,1.4857617039267697,0.6317968592558112,0.3082674306170377,0.354462624560105,0.48418265749846684,1.440382813521705,1.7829595614807763,1.3023634148603347,0.5520932428023744,0.15647130108970206,0.36427899042598877,0.7687073320320168,0.7465074333309633,0.7458390831101426,0.40925738661215305,2008.0732832063707,0.2804464395040353,0.000248834490776062,0.07276947796344757,-5.665585359903011e-07,38.20197677612305,0.034082330763339996,0.0,0.060923781245946884,0.9390761852264404,0.38189762404342925,0.6353474302015658,0.6245765733146024
-678.7522927931856,66.01803467571403,17.358874803675754,11.091167369799603,19.68194383330948,10.760951162264856,-0.9634450939758455,-1.6585493670830922,-1.7645629077684053,-6.341317403845039,-11.744515589704271,-7.115052707353275,-0.7762443614822249,-6.433826843270861,-13.118915698000183,-8.120605944885302,0.7281685338266042,0.8607327836922455,0.6922736739547901,0.8017304437917161,0.5835972545581638,0.6320943013698694,1.337230017648581,1.1977457668236045,0.49548648912141646,0.5222287237733465,1.022155395403666,0.9799176346174255,0.632517743030854,0.4879642681052827,0.670509650432136,0.3237090809051795,1894.8608653222134,0.27346414683758813,0.00039921700954437256,0.0541975274682045,-5.665955434895497e-07,67.60222625732422,0.12491495162248611,0.18569473922252655,0.41941145062446594,0.39489397406578064,0.3716100951131459,0.6778909663263682,0.6459173708662677
-676.9771499311183,69.1282444756537,22.71717338965988,15.469276672072247,23.334193132068634,10.965855867228889,-6.603429307757965,-5.8019531970739,-3.6439857142483265,-1.7704056231558902,0.250361862739914,2.2011082334220102,-1.8262326121178354,-10.262191485027738,-13.569255564510604,-12.537324654547124,0.5112331079649197,0.4319257675198509,-0.2245823243849489,-0.25002964007427964,0.20771520109978536,1.0567296962744166,1.5542132029186893,1.0302060182091606,0.41476724004046206,0.5733701637408386,0.697341734155065,0.3795114383323931,0.4606432551379737,0.5082665511099073,0.3614115290464258,0.10188607862054305,1798.8285381681635,0.2684677264806502,0.0004187440499663353,0.035309936851263046,-5.67727118564606e-07,22.026540756225586,0.09026391059160233,0.0,0.219157874584198,0.7808420658111572,0.5122487597550001,0.567836517802373,0.5257330412710954
-664.6766012058486,81.82503607288871,24.127098709832687,7.321043942633651,15.663148814920724,8.572996426547576,-6.157152023963633,-0.0009057522372903359,7.826221771260011,-0.1897317035396603,-13.160883928898535,-9.526874474869437,-2.901467980145479,-2.2029338198722503,-1.5116892169366343,-0.8064622655703255,-0.3022502762435651,-0.06605659162916244,0.27425502435829385,0.026622833841174587,-0.08467323511251598,0.669992619338616,0.8452500666268792,0.08213216844040344,-0.46671012383518073,0.25778952535496763,0.26246185053299564,-0.6158548773387303,-0.42112698967867995,0.35952247339254584,0.8181885191755365,0.3579401922771204,1768.4602430012696,0.27466335688384447,0.0003997255116701126,0.04387746378779411,-5.643546340281375e-07,23.888500213623047,0.09042824804782867,0.0,0.2758418321609497,0.7241582274436951,0.5423910124098561,0.4822628991807201,0.4706593062550267
-668.8474639671085,77.5505864066526,22.09198926878237,7.198418347853185,21.810969594210725,21.487352008922016,4.812534015333078,-4.101822872019538,-1.3465142365216534,-4.134410922380662,-8.287354509808074,-4.012275462040522,-0.5580177600146432,-3.5271179616609674,-1.362132153627493,4.447537160612145,-0.8635220847751495,-0.532404790874185,0.41179386955570885,0.16262017789528682,-0.1714608167966677,0.77150709308475,0.9720833115632215,0.0027988480088565306,-0.8389108232218523,-0.4549476422877404,-0.30824080057646736,-0.38633713942563747,-0.3055741616225322,0.014093130968223004,0.3227560589529359,0.2850669242512079,1763.7521302846533,0.2727285563055481,0.00040715374052524567,0.04550044983625412,-6.122198928960081e-07,20.254314422607422,0.06585746258497238,0.03581622242927551,0.14770884811878204,0.8164748549461365,0.5185258778082193,0.5670151320947348,0.5223341420748583
-677.7373236021077,67.5507853081142,20.44870897501439,16.528485033051833,24.236487618355596,13.582882517130887,2.34364671982394,0.4420557023101624,-2.4590175756499852,-6.481438182385389,-9.38306036007669,-6.798915995499449,-3.360262852374896,-4.856366486471497,-6.380307672139186,-6.05561050254625,-0.8546472110480787,-0.25052312216425404,1.1264582398191167,0.5356929207211399,-0.4971841012357326,-0.09817010743632251,0.04772745186914794,-0.4899840531231588,-0.618134899625349,0.03541513032532437,0.243859090985654,-0.21870188202282687,-0.7645470536023302,-0.6158437755031549,0.15623649904197323,0.616941559548051,1761.4483051996408,0.2776395809337731,0.0003867838531732559,0.03768782690167427,-5.533049803599141e-07,87.30078125,0.19732187688350677,0.12302418798208237,0.5198624730110168,0.3571135997772217,0.4624552490337649,0.660681628979846,0.5882467595119243
-674.6395908729725,70.13117557612637,17.235630776263463,6.552710290338995,21.2051427096263,19.61127809629087,3.3535089912713874,-2.9996580587323254,-3.4932953872848556,-4.3632866491975,-8.383640761244516,-4.291631181228351,0.8305432267215053,-1.4843306223193138,-4.471177671901781,-7.053933727129884,-0.6528513251333531,-0.47988992858011353,0.8671608241114682,0.9482890679271803,-0.32999956224550264,-0.4274383488837137,0.008342732612164644,-0.0448563870903507,-0.30104293543688215,-0.0643923511079933,-0.21817845948957418,-0.8044046232825753,-1.172624418724888,-0.7073950437560721,-0.13125032283894258,0.14700913140486815,1913.0795561538741,0.28201707223999467,0.0003529693931341171,0.038921624422073364,-5.644546372848975e-07,254.427978515625,0.008944216184318066,0.5979312062263489,0.19530269503593445,0.20676612854003906,0.19175493665656926,1.043257952251817,0.8447344652199872
-678.5650197991507,68.50639082105602,24.16750451997315,11.258049090764853,14.567598702882428,6.091311071046773,-8.562233923642804,-8.60892412550048,-4.735082855230978,-0.37171211224946754,-8.491164306447791,-13.349950510260308,-7.052910306576796,-3.599121815478025,-3.020154621411078,-5.9951456145925865,-0.5193376972521224,-0.4034526627606363,0.6379387088997911,0.9485481495024964,-0.2763093327699009,-0.9453596677664932,-0.5518156335951707,-0.2026563230496653,-0.4753005612385208,-0.17823506718929139,0.29689943942724345,-0.319973238286642,-1.5363753879255342,-1.6462263801637196,-0.9899587936905602,-0.4490456679022906,1967.5225422530882,0.28496149324479625,0.0003521312028169632,0.054683007299900055,-5.281233514535499e-07,33.50172805786133,0.07201146334409714,0.04365309700369835,0.10823550075292587,0.8481113910675049,0.5682184371126675,0.577554616056583,0.5040741833289286
-684.1951939406011,63.6800478330536,24.380111808199175,14.1381119655179,16.44266911278313,11.853511527874137,2.5635101952496973,-0.9053651930890225,-5.866956452669094,-9.929706633577034,-9.011273272909019,-2.19540901059354,-2.9293082314411683,-9.853443084557007,-12.278601102054676,-6.064805555666911,0.008832716832742135,0.08133332026905427,0.5375514644373239,0.3655638741061442,-0.8923430215050142,-1.4808502123630747,-1.060474763200212,-0.02904489496978889,0.12345911939445332,-0.23708686763787518,-0.1410302536303017,-0.14693374117692473,-0.8974194387392053,-1.346526457958076,-1.06155682824872,-0.09650986436950232,1986.7161484027747,0.27939506942362685,0.0005188509821891785,0.053679510951042175,-6.096401617201785e-07,33.67856216430664,0.1625092327594757,0.04462960734963417,0.07803528010845184,0.8773350715637207,0.5638958875932982,0.6360775764188478,0.5300763687657759
-677.7662269286776,74.86051065874821,34.20243130511753,18.317859150845408,18.092057106402876,10.332518961144272,-5.5554407373393655,-8.652283183609338,-2.552010747396765,0.45759444490979834,-3.451191121549024,-5.116816057191621,-9.688562534493057,-15.790647613203756,-10.211864977406737,1.7488375206219393,0.5620891320077938,0.5258201572423977,0.29933460757270086,-0.29308851296644023,-1.1124128944743434,-1.1369105297852007,-0.6686834495707469,-0.16536011376689802,0.051956494649836635,-0.23277647976851876,0.038802391460489,-0.06133957307861647,-0.7830966793275678,-1.0474915156767326,-0.7818313309257013,0.20582124990955533,1728.9992654696107,0.2754481027484011,0.0005683945491909981,0.03319787606596947,-5.906343631245428e-07,29.462526321411133,0.17931964993476868,0.07523795962333679,0.17390581965446472,0.7508562803268433,0.3675917057496802,0.6935116382139428,0.6535759614359654
-669.0719114799898,73.84965751612143,26.094326148920178,19.293763461560516,21.663890949356574,9.924451835070634,-3.0785897126353183,0.6782501875872795,2.4532820711599945,-1.8515691630486777,-10.165599266972585,-12.443179526108256,-12.21647087796673,-7.833480402670533,-4.394682375210598,-7.0076073869671855,0.3988997756355225,0.09007059731498482,-0.25565414016222765,0.07905949351442138,-0.5223792885735699,-1.5451070461588916,-1.1144645255160812,0.1062522897258138,0.4687681751698286,-0.6098070832877697,-0.7508450795788324,-0.1595163460474245,-0.2783154177848313,-0.7120218229194897,-0.5879798566068011,0.32047836348415526,1712.9521520827743,0.26386563713629996,0.0004164157435297966,0.03266767039895058,-6.085689067138897e-07,20.462289810180664,0.12210949510335922,0.0,0.07804472744464874,0.9219553470611572,0.2567599142554836,0.725122836732523,0.7385024698752246
-669.8949785997773,76.50686205982873,22.031445260190697,9.686719872199081,15.891651462199981,6.629399960536212,-4.369000304327817,-2.6022091661384565,-1.5132220258595876,-6.653300348430731,-10.10773526096421,-9.368400512930883,-13.09914625496467,-16.107139012645305,-10.219023945935705,-3.1002949278700243,0.9400791137250307,0.456244017757645,-0.5312004934355654,-0.38998307507723523,-0.10959508761298942,-0.46048066846839925,-0.5000002311374715,0.06789928846214666,0.12162439586143346,-0.6996314546108079,-0.7469037995856547,0.5532434925275788,0.9190624411993311,-0.0330670507034077,-0.7611529202018931,-0.6035589949625815,1698.267287326841,0.2705693744579041,0.00026070699095726013,0.04352041706442833,-5.078941654594124e-07,20.328920364379883,0.1772731989622116,0.0,0.1928887665271759,0.8071112632751465,0.3003667263385777,0.7592739196422573,0.7165390668262359
-677.5802698804748,68.60575771748194,22.030129638845544,9.67772122945401,13.573962668006981,8.272821899007653,-3.5957511091787886,-4.082412003862495,-3.7230308641286323,-9.025002694779012,-10.228316181957616,-2.271677632448035,0.46727332016279943,-9.064479096794702,-12.646767431357578,-1.1757564398225404,0.6893854733427821,0.4075804396898973,-0.24271743396208958,0.014455559219242678,0.6271265463121505,0.2661404693670765,-0.290743774640185,-0.07689370870240939,-0.013044546093429026,-0.3643282869876297,-0.41758186238195916,0.5176503792226068,1.1714185961850414,0.8214351470336754,0.054769918178492555,-0.7204065937279249,1903.4016761094488,0.2712019210338971,0.0003601331263780594,0.05489363893866539,-5.880935525869741e-07,66.87731170654297,0.03713936731219292,0.1287289559841156,0.5053318738937378,0.3659392297267914,0.46657843305027263,0.6473653821810506,0.5811472475805413
-675.2163185812036,70.03951302058017,21.98232998637932,9.285150869491202,11.3063473936528,5.24628719677145,-3.1607517810858683,-4.625541870195769,-5.198358593912571,-5.355538594268491,-6.320650946860429,-8.662807123049967,-9.489351976544052,-9.134609937653915,-10.347630335881561,-8.588649604919642,0.6919512181922912,0.27731959329651973,-0.5388606146532379,-0.25073087178057424,0.8819528305565525,0.9076788834557971,-0.05521671771555817,-0.02717407262702662,0.10312996049169043,-0.12416674678295495,0.058538604887559464,1.1703489232374125,1.453441364198536,0.43942041546216665,-0.3498125246960445,-0.7149231893619743,1987.1743994721328,0.282637472612577,0.00036790966987609863,0.06741165369749069,-5.243160574303182e-07,66.8329086303711,0.1179637759923935,0.14745059609413147,0.4221949279308319,0.4303544759750366,0.46295768896108835,0.700179627742708,0.6019750356965077
-676.4428942641882,67.45795009372372,19.257437169933947,13.606256546704083,17.799846496383775,-0.21543512580074764,-14.63154995442617,-4.317405503304636,2.554024069619242,-8.447151308063653,-19.001544485239425,-9.098703487485412,-2.3625016332596034,-8.328401018500504,-7.609395828367239,-1.5338717279214598,-0.08385093336222123,-0.2102847900375365,-0.3572657644969728,0.06362589683624251,1.0513829874181422,1.2330206100635495,-0.23764027702476068,-0.7737418939635101,0.19245398083130102,0.500245525650218,0.7384500751640801,1.1440159730395996,0.8811357379292,0.31282524970161607,0.017819885391313045,0.07270816387546702,2056.711100326599,0.2759928844807233,0.0005472367629408836,0.07035338133573532,-5.933499767219671e-07,66.3409652709961,0.126085564494133,0.12485112249851227,0.4609958529472351,0.41415297985076904,0.4637862603361979,0.7621720869843587,0.6216949284208187
-669.4259224242007,76.23809816066199,27.16760288402636,12.727559227420421,17.32112627769954,11.191834400479108,-4.233996407438854,-5.854609674750911,-6.359200151945668,-7.27817552302489,-10.751608749582843,-0.6437072051636046,3.037380034270109,-8.259178289815399,-15.808448436430892,-14.735950083855766,-0.31329133820992505,-0.5655550671922105,-0.33782140809167543,0.4274931503402663,1.0714017702604917,0.7988898449592098,-0.6328770320501094,-0.9468621710419858,0.6147462752996387,0.9581927217697981,0.4745533200944918,0.20843295122888908,0.0857959663149994,0.46149914940680137,0.9602491420823427,0.5103860592447607,1696.331809058514,0.27209883712779026,0.0005960501730442047,0.02904796414077282,-6.251504491812655e-07,20.377805709838867,0.1259801983833313,0.0,0.17529888451099396,0.8247011303901672,0.40285452772290375,0.799569164026669,0.6649645790522184
-675.0938138313613,73.57325477297772,29.44619492253217,21.49181600448047,29.50611367261608,20.61685366025604,2.6856883183064792,-1.1533649338086973,-2.33631944787523,-6.619452828473532,-6.328486457005564,0.36587867194289647,-0.7319194071966476,-4.676189832426012,-5.620106411044388,-5.872092918487963,0.2522774459057819,0.27989916149938737,0.004224578470112705,0.22348721907649932,0.38798024845038986,0.17958638494589152,-0.8549456463714972,-1.289258040687366,0.4994529329331899,0.9531083913929607,0.4095142137166945,-0.09274561283179866,-0.29792150224086605,0.5533055170185253,1.3274927967635928,0.4923188096976426,1664.0128070197534,0.2715243479213969,0.0004134979099035263,0.03281465545296669,-4.965903231936229e-07,33.12477111816406,0.1388625055551529,0.08132211863994598,0.0,0.918677806854248,0.25882069791811285,0.896017029628579,0.7758813279611629
-663.3894038841246,79.64894047107671,21.730714810420036,10.405803160023641,23.66847415746255,15.76924788032282,-8.015452263411722,-6.001234302800992,3.4408651288610836,2.338980732852355,-2.9357028355811297,0.1760339527069006,-3.8611750808543785,-15.675309189943155,-13.004615476472052,-3.919289771149488,-0.11247127361466452,0.34195942011442865,0.4492595076265241,0.43761995233212775,0.44809236981692113,0.2389368265013056,-0.5532971324788054,-0.9207717729992522,0.7868051709363492,1.124283644233692,0.380469206815821,-0.4076297777150827,-0.19237526389240525,0.7530577605902324,1.1371842822433094,0.6830328200050095,1721.7378604310702,0.2682910217623964,0.0004597669467329979,0.0402318499982357,-5.440179272299883e-07,23.982505798339844,0.0918407142162323,0.0,0.09881182760000229,0.90118807554245,0.6165438123747644,0.6188172868683997,0.5009201659721307
-677.8996835809702,64.30543204435405,15.956536652538508,12.941189971240197,22.132248515865538,13.906472364632805,-6.780763455848188,-9.535865953256582,1.2213810989705787,-1.8142127902213647,-5.31004787034412,-5.764818911409665,-8.459999828635272,-5.877976568316881,-4.1863164314579056,-1.4177454373088392,-0.14774722317703926,0.36318122598727265,0.35441774045311925,-0.056188288139396025,0.029939887234701937,0.3561968981320456,0.09706178064942754,-0.8184592757949553,-0.13202759103448602,0.4440715483626835,0.3947379747704395,-0.6865145580458853,-1.0295800296197712,-0.11033882006829068,0.37806477142285266,0.4547828281297421,2050.116487201012,0.2752783297968713,0.00041396450251340866,0.08643072098493576,-5.672828637288411e-07,26.286155700683594,0.34836849570274353,0.04375757277011871,0.0,0.9562423825263977,0.4232763274149508,0.8584171311421781,0.6697522917129844
-680.605515854301,64.91524041172973,19.09793702837593,11.119799561253117,16.43633345425048,3.917957247415605,-13.375355852097641,-12.818215195794048,0.9026371492973698,-1.9926862337599518,-11.538875255955075,-10.407616363011838,-8.338485903001702,-9.217231838275655,-1.329454848660792,3.486863089672656,-0.0798037397545174,0.62428248711404,0.36101673245523463,-0.5678174216949113,-1.0939171877065836,-1.0019405326098751,-0.3515785772334241,-0.2986066241952425,0.30299035186678047,0.2966025457054974,0.1435152796215034,-0.3188923044609628,-0.31114509586502337,-0.05141617363179328,-0.10687403908085694,0.33927174251635067,2106.758709733549,0.27683829883206956,0.0004196697846055031,0.07462593168020248,-5.808838988977132e-07,20.445730209350586,0.109620101749897,0.0,0.0,1.0,0.44122669680883353,0.8528733493490034,0.6590474607285358
-670.5349452136932,77.37099804369174,27.26646531149908,12.567015301361202,11.793138869632934,3.757558020035202,-11.739012036788187,-14.630891237985775,-2.5906785124155984,-2.971274417156467,-8.971659530334298,-4.226132472459112,-0.09131089213799481,-0.0741094161103919,-1.9105050337636456,-5.60983703878501,0.15626771812006893,0.7310340000048032,0.745405045152249,-0.6319339879260624,-1.9204738848390266,-1.7173211759216116,-0.43137687259795027,-0.0025729150959551417,-0.0794783156535637,0.1315983575263949,-0.10966013794228202,-0.07573985708866263,0.15828326584956953,-0.35273468124215285,-0.9117146951431065,-0.5639745679035602,1882.3950130599164,0.2720619020294216,0.0005309954285621643,0.05944833904504776,-6.421575358721464e-07,20.445384979248047,0.10601043701171875,0.0,0.0,1.0,0.4211101303748311,0.9396435250588238,0.6905316927180117
-675.0430853208426,75.71250291644265,30.121698989926966,19.570417429874,24.818626361881915,11.165128635351635,-6.692319540628373,-5.124576148790153,5.941902119325822,3.5577537468609854,-7.997002954281206,-12.017053075283673,-6.458420916775772,-3.2499887723901693,-5.161978486966294,-5.511176778755834,-0.5836788898046027,0.45964781817704564,1.6097518338862753,0.38129282367092854,-0.9322444691057679,-0.8600375523876126,0.2938517608186405,0.4976272814118567,-0.5741511879811836,-0.37822834495477775,-0.11809512133277664,0.36475142557921,0.8046353216130769,0.3840816906616241,-0.28574364546028064,-0.33480195204949814,1699.4374947151907,0.27377217111377883,0.0005607167258858681,0.03202923759818077,-6.063675500274906e-07,67.21174621582031,0.036540109664201736,0.1367664635181427,0.534511148929596,0.3287223279476166,0.45621990653341715,0.7419961741321712,0.6192507228913212
-672.4216367556525,75.08441829617706,24.106190448332853,11.915189824025227,23.29034231906212,16.540018148362766,-2.779554820073801,-8.698811409362726,-7.890479972190553,-10.654197499043267,-11.674049568401205,-5.9244943044529474,-9.885327916264252,-17.65593500366847,-14.696867564716086,-3.6133754398572933,0.46668122520131927,1.1067045091662755,1.4026357496441522,0.11684949700307629,-0.7706159376187743,-0.42009954922828974,0.3387810573508075,0.7694619831550532,-0.1838129066292169,-0.03906516530727924,0.6109253341281761,1.3225492996557995,1.24445488374623,0.14765782574260095,-0.3880166092348334,0.0957756831397763,1643.1828877039757,0.26457656874358354,0.0005329623818397522,0.027452195063233376,-6.166800976587563e-07,52.302921295166016,0.06630593538284302,0.0,0.314549058675766,0.6854508519172668,0.43397754449064624,0.6551784871179354,0.6015469483746034
-668.6414552007604,83.1707901024557,29.564882972010757,6.904004069882754,7.583898286614733,4.059641253885935,-4.8307469283116795,-3.8391969368371472,2.0537719269067063,-0.12319993478566782,-1.1436542473659763,5.002559864476488,4.441710661931841,-6.959239012688569,-15.094259501566416,-9.496945650911293,0.38657583713758986,0.3833186373823649,0.28182044132258327,-0.07499088669892201,-0.049239887428007584,0.36616339801156356,0.5539885096575906,0.7374400757982318,-0.5765602598051912,-0.8174132895476418,0.35489460285846647,1.149912815995923,0.5192433720622868,-0.36071537801996445,-0.6065366644705804,-0.20998391800071203,1658.551382193885,0.2723407954267203,0.0004004696384072304,0.036342594772577286,-5.683342670264751e-07,66.5780258178711,0.22152568399906158,0.17873263359069824,0.43702322244644165,0.38424405455589294,0.3234918701038752,0.6873623741283026,0.6799816868260841
-672.9403906181069,73.80856879742579,27.92087709033793,13.039501109647464,10.087817174660401,0.5106752524105496,-9.844857167742319,-5.155423718418811,0.8079400118605529,0.23354039440662633,-7.020892193691083,-3.907916743624634,-4.342186929284763,-12.107094232794818,-11.515187343164742,-6.80114455883866,0.19336882474972916,-1.133147802648871,0.0193945642616798,-0.539804157904304,0.23963625110075945,-0.4389977377004137,0.7963931586097115,0.5746878090713947,0.38898631354845625,0.01487543286992371,-0.05568920933765495,-0.35311208501817837,-0.4504607268891702,-0.3001344739838786,-0.5446875306001739,0.14270800504395825,1924.7132341110655,0.2853783153779404,0.00040974654257297516,0.04727666452527046,-5.646068247205308e-07,65.12262725830078,0.17485880851745605,0.15472497045993805,0.4452751874923706,0.3999998867511749,0.33589964598894606,0.6819471767497014,0.6699899842638748
-681.3744143946216,70.86017527044427,32.460332734338735,18.322316276301294,20.270047348240467,9.64907539335827,-7.8217743332830985,-7.794685844385686,-4.111938899385077,-3.8842717089557457,-7.946009407840382,-3.025868945189433,1.1784010423936808,-1.975785597564365,-1.7151240154052076,1.0890192598154558,0.30954701739553586,-0.7809132262253211,-0.25816176191216295,-1.0272097618581104,-0.49876518456820507,-0.4211702265984322,0.9256194587683253,0.5018552685416257,0.42852695334488566,0.06354333075648352,-0.3749031927834852,-0.7037393091941223,-0.19871730928791212,0.6347638460552731,0.4460724426222177,0.4268354757233871,1881.6417830928308,0.28422132063733146,0.0002878960222005844,0.04764454811811447,-5.391610412979852e-07,20.445146560668945,0.3526565134525299,0.035765357315540314,0.09009051322937012,0.8741440773010254,0.3300111137259859,0.6949920810829741,0.6780389413444771
-670.7204761255236,76.36394136444198,26.78627423278831,12.22240532585489,12.859066897394499,6.706453745930213,-7.276704322299093,-6.820661782258793,1.497842822010864,-1.6636701488035919,-1.5295380895579187,4.12309892070324,2.469563342408111,-2.15038889429452,-2.431902286571513,3.4093686602463955,4.546475103086918,-2.7097711119236703,-1.9145511615635842,-1.3329347579554087,0.3168419263631266,0.02834836957849499,0.7441588552591875,0.7023885844883304,-0.9413769916792272,0.47107293664392,1.1346047223825582,-0.424960484677719,0.19294982114420942,1.1377663081583411,0.9841842727847215,0.43177577933019984,1859.8537689064567,0.2768575674941368,0.0003558974713087082,0.057730112224817276,-5.499707104967298e-07,38.14794158935547,0.07506216317415237,0.0,0.04375685751438141,0.9562431573867798,0.41365813255569556,1.0790877437565602,0.7228877740546069
-671.3723771108612,74.16543867958953,21.562398424540604,10.596366497779815,20.473209914930347,11.964098768152535,-6.081206009856112,-7.165078225554023,-7.959842235257671,-14.235510523693339,-12.985833410558307,-4.420584123198963,-7.674687224306584,-15.09506468006834,-12.555304167281976,-8.930455694151881,4.964992142271916,-2.5117822835515233,-2.980737534350613,-1.0499888763635583,1.1017444492773292,1.124745959940003,0.9325867642481412,0.19567690013714747,-1.9573350699505863,-0.9779555987831232,0.31127109314992524,-0.8440077861861079,-0.3948802322042898,0.7055012617393603,0.47600104022903894,0.6451575949313064,1742.027389508318,0.28419670905359157,0.00039700698107481003,0.036202963441610336,-5.69153192324773e-07,88.00883483886719,0.09294800460338593,0.08223002403974533,0.41664960980415344,0.5011204481124878,0.42369355137077197,1.1478263003137983,0.7303924917546545
-668.0547845165324,63.971971355468916,31.912954866654328,8.192305329347816,20.69084541678538,0.09278802127651664,2.7448817966337904,-4.430400131006785,10.5176907662211,7.041809547230815,-9.43704177749434,-18.236854871956936,-11.297640289279084,-4.69095600357797,-14.013090243142083,-7.062621054312134,3.799310162934942,-1.6913055447408287,-3.2279500488162576,-1.3793342745344257,0.8616609795692658,1.7719947521529333,1.4318928536801225,-0.05149725698702304,-1.9487732218019556,-1.124795907476038,0.3628713623734033,-0.29396659268329833,-0.16299433284386522,0.2161682010512421,-0.7070799174574672,-0.6628435890354354,2567.101423510273,0.3400739442664062,0.0004580337554216385,0.06444275379180908,-2.8857849407622153e-07,88.25556945800781,0.14533725380897522,0.06657760590314865,0.4282132089138031,0.5052090287208557,0.46170681461258256,1.1221249724967923,0.7084874679430219
-672.864536907345,76.19697229827298,24.6790922356259,5.312527105010017,12.149303025225063,11.681824451176627,3.0318362077772214,1.2811945808857075,3.398009744234974,-1.2306436462409325,-10.750055633650756,-10.635054209811754,-4.024684901137334,-1.8735288325641395,-2.524023770104062,0.6424162847851322,2.762088187212642,-0.5241683441823991,-2.472017491923043,-0.8929336737537661,0.5343316105891992,1.1085222423298866,0.40906976032394615,-0.32368074707764005,-1.2759727893142638,-0.4822038103205239,0.16663566952286019,-0.24600138159456442,-0.38918231903901934,-0.5098812905148233,-0.6259350527865662,-0.362730094560056,1862.931920827638,0.28688127347374237,0.0009326860308647156,0.045936454087495804,-5.771712154489623e-07,20.38888168334961,0.07284076511859894,0.0,0.12443148344755173,0.8755684494972229,0.3371012731357462,1.2170613483623618,0.7830978119839201
-606.0005113011376,43.76019783915118,-0.21928923354093036,-2.530138486871153,19.26661289781631,10.878794065940621,-4.244120906297473,-2.523189978743844,-26.91221275358729,-3.5738455385207164,15.017853099631857,6.942456839765991,5.049714819872999,-4.83197236036911,-5.402783783584169,-2.1056532154480436,0.35149041175610624,-0.25471637355733867,-1.6663106099120424,-0.5926434284927026,-0.0809801201547856,0.7519877353574507,0.250645662126455,-0.2353160082649919,-1.150579176487902,-0.6623990847686119,-0.2663355811808883,-0.2553312632689435,-0.40537801199066303,-0.3820533924506751,-0.08491749913704547,-0.3276819765171661,2922.369695087643,0.2894114800563016,0.000952492468059063,0.33173561096191406,-2.704845574955152e-07,26.636497497558594,0.09158813953399658,0.0,0.056184496730566025,0.9438155293464661,0.4273181550112136,1.0277121670636764,0.7063166667194584
-649.2928442002948,68.45992805621773,8.567894790550628,10.343820206590756,19.328395765067718,13.791783445092664,-2.9746994609365833,-8.013724364984864,-12.526075856128784,-15.440178422203015,-9.624747785220013,-6.400756035381891,-2.4820752533135173,-1.2490480960966983,-9.238799701324194,-0.4999013183298666,-1.2457869283308431,0.6445793489111717,-0.6066669127470736,-0.3155856053864977,-1.0870873840751523,0.19643018796161274,0.16743731401960557,0.2979330815035228,-0.2131821412782144,-0.8280438796891116,-0.39137788788158145,0.777687350067438,0.45394161222304874,-0.023173949504654706,0.7186656456390964,0.6002856458177138,2198.784388769127,0.28245146126439585,0.0004672631621360779,0.09908973425626755,-5.159233249053754e-07,38.22626876831055,0.058337077498435974,0.0,0.20685845613479614,0.7931414842605591,0.46500723557628965,0.6360133389934125,0.5776579963021831
-671.9988582829,66.03315939495782,10.144563096328456,7.03059079846946,22.596174277794365,21.96796391514252,4.2036772207904844,-10.023907786142182,-10.747490804685068,-10.267597207303028,-9.15140801387709,-5.6423117541079435,-6.244321019687098,-11.374216571965693,-17.50100869137566,-15.18781501764823,-2.1417487051113513,2.139924605503793,0.11377190990980013,-0.15652383864568079,-1.3881195005516789,-0.1464948725664262,-0.6399593536704784,0.15032962016426749,0.5377075462478753,-1.0209333368570186,-1.1246046119829798,0.7377713362963327,0.2154991168542773,-0.49586590846010437,0.4844308078612663,-0.05153754131232351,1894.1310081558186,0.2687216157062835,0.00037821102887392044,0.04718936234712601,-6.05345731246841e-07,37.46178436279297,0.040961168706417084,0.0,0.2564966380596161,0.7435033917427063,0.429686910601798,0.6577143602645961,0.6048497255668626
-665.5376397275317,78.65143527558675,22.3916665498818,11.629056165183151,21.910656176452136,11.220432551761245,-10.10201668446804,-10.299942015988059,-2.426937828689423,-1.4081358491963027,-7.524338453708799,-4.696573634838781,-4.8070652344047575,-9.593888399821372,-3.613148851468959,4.141436452208557,-3.7881865397708343,1.9522442195133651,2.424018309383604,1.3490547855824184,-0.43236662634348055,-1.0637414947718644,-0.3871941469161587,0.3439192946741325,2.140976745099224,0.22445474037722063,-1.7515030497477575,-0.6686540212871895,-0.3761344187709157,-0.6213894616121494,-0.23889119473208542,-0.08806126771769898,1763.4506217037294,0.26852988670813216,0.00032900087535381317,0.053089942783117294,-5.449508460333369e-07,87.77084350585938,0.03963662311434746,0.0,0.5504258275032043,0.4495740234851837,0.40506251431034895,0.6690227212853541,0.6228767504790292
-673.745059280258,70.08236535485335,16.08165923653354,1.8812706379558446,7.818842783466216,7.078941743173424,0.2708248206567816,-2.878770499372801,-5.296910944689824,-9.013100354948099,-10.044836868824685,-6.8557239971330155,-8.67413537663015,-8.82156189116287,-6.989628053565137,-6.9616037148346255,-6.438496443125225,2.1262596979121007,3.9755153599816673,2.1122902831968955,-0.7809127143999867,-1.3168900471970086,0.054275985269395394,0.8740220759855608,2.8894079152944663,0.6318715728700157,-1.6999869662086575,-0.7459351788267741,-0.6716434398191486,-0.6818517301719502,-0.02842676903422639,0.05216363702148776,1987.3794114015861,0.2770159712268187,0.0003290018066763878,0.06010577082633972,-5.478253105060023e-07,67.33222198486328,0.19078010320663452,0.16262942552566528,0.4528469443321228,0.3845236599445343,0.4782768117549834,0.6651852501270357,0.5817291821927264
-672.9553368074958,72.45586153611023,22.888616216329797,5.0474115841046086,8.107834208184387,7.129339783561262,2.740873346771372,3.805943523559801,-0.42532977201104805,-12.852802273722563,-13.971198721878011,-1.1141701673233395,0.3815074010761842,-6.848978670421721,-3.4737973572479204,1.5190963553440264,-2.4833711415349287,0.499410662331609,3.016733098235198,1.2159991707926632,-0.6615734956173039,-1.394443325938826,-0.3795755007605336,0.7289246787100829,1.292150131076839,1.0048178467614457,-0.0595413521478298,-0.3997029855977661,-0.4601278227294213,-0.4502783058513863,0.43064153651724196,0.17791612881765664,1995.8501394510677,0.270313236196964,0.00046418607234954834,0.06944506615400314,-6.3342480051925e-07,33.08991622924805,0.24290288984775543,0.024075744673609734,0.2683856189250946,0.7075387239456177,0.47240351280479986,0.7216946021625463,0.604384675862487
-662.1794422967203,83.16771294695452,23.355973354903377,3.516270838280062,7.978474475619651,3.8524923182081032,-7.11192992026326,-3.319672862483067,8.118373185815166,-0.34395477005122344,-11.88401098971812,-7.837903041064532,-3.926625169600676,-4.316352410758299,-6.6472885123385215,-7.225553419857473,-1.0756216286659803,-0.25771100762960514,1.075354365127869,0.6634826437575413,-0.1465370891271105,-0.6689876191190023,-0.06991382825073397,0.6528871504983222,0.5866048973883832,0.4812126531336065,0.37260172840237404,-0.020622933963496126,0.12504576894536656,0.5460603852850262,0.4741109000157725,0.3765556646674545,1737.764143415734,0.274416857938433,0.0004401113837957382,0.0450025275349617,-5.971118677356341e-07,66.9321517944336,0.2577708959579468,0.10002856701612473,0.5232633352279663,0.376708060503006,0.43028983869951676,0.6142149229963451,0.5880441578831134
-675.2853402042806,72.91473103020081,34.71328518710586,24.949076246254354,23.434521098744057,8.048905714156032,-2.499792539311372,-0.6587721021625702,1.8267034591137954,-1.8935529042637032,-14.44962063078873,-11.91953449176971,-3.7587839285549,-9.41928410199268,-10.684359476010348,0.09537075978637174,-1.001569625465199,-1.0790422896140082,-0.477068898295943,0.4232181311698403,1.127143841436948,0.9175144893674115,0.6948071275281692,0.7684560474353309,0.37051305129988393,0.40152825415683535,0.673979990867507,-0.039965244654093846,-0.4422334128900683,-0.4058268546471808,-0.8514512379149931,-0.8225352319282158,1801.1467988787142,0.2812179714931551,0.00047178473323583603,0.035704147070646286,-5.476112887768152e-07,257.89532470703125,0.00909483153373003,0.5793408751487732,0.17006194591522217,0.250597208738327,0.15746206699574383,0.826622121942397,0.8399912641969681
-686.1388696681255,65.29460773621615,33.07445582286819,21.602844856698905,15.232883574713554,5.513110646705178,-1.3390802557584305,-1.8076618827936821,-4.269012520021956,-6.356395696419307,-3.8852802043586423,0.09470777625468074,-6.523396354896639,-13.147230821479985,-10.20671345115678,-5.095198493392154,-0.25671912805653174,-0.368998957438195,-0.5523333740286488,0.06453694478427749,1.007295047498453,0.6245154953967189,-0.3428993951567561,-0.40855695784587714,-0.031454739987258895,0.6645266743981988,0.7646531736159139,-0.015302159413457474,-0.044044047710124476,0.2639360266355753,0.09809822975752057,-0.0364210695011081,1874.3300942285714,0.2788371099900296,0.0005285125225782394,0.03633302450180054,-5.640040983794531e-07,258.01202392578125,0.03569740802049637,0.41556644439697266,0.30057844519615173,0.2838550806045532,0.07059341602184148,0.8828353888525787,0.9259583771111891
-673.9559567919096,76.1020169599158,28.6420838709693,10.585857134191954,14.12542097393445,7.608649282382224,-6.466687252281225,-7.952397977980178,-3.4833242800013986,-5.225889722634642,-10.545029305812971,-12.842040277672005,-10.88570429752998,-7.88706651574726,-4.799877656765684,-3.3116015067902698,0.015505375608476812,-0.4745551902559924,-1.2967297473929507,-0.4659203411179452,0.7739202660223681,0.8518391702095263,-0.2820859717230244,-0.8768906663406233,-0.6809658352003995,0.632111738710072,1.3988296281620611,0.21097734920837308,-0.5024590464970081,-0.32509478930904345,-0.5889886343056375,-0.5473808256327627,1734.892736623321,0.27402167801475286,0.00021208543330430984,0.027940472587943077,-5.167073206103932e-07,88.27923583984375,0.08931463956832886,0.08530642837285995,0.42183807492256165,0.4928555190563202,0.2345492748002331,0.6372504922171314,0.7309596954783754
-675.0400388714763,66.35871945306292,10.134500046569519,2.929026453167003,18.698352224512384,15.195011145977183,2.543591732617655,-1.4106339590322268,-2.233085025490484,-4.254256676849288,-4.2570368037686945,-0.6164305870177226,0.15004813337833184,-1.658016382694588,-6.088115358680099,-4.526972790219116,-0.062058580686947806,-0.7919319715104518,-1.5210970507826722,-0.9459241713003954,-0.15301599303243604,-0.021401054473198178,-0.3506365132927563,0.026408717215194444,-0.4218060218075763,-0.20257297361260906,0.6567858277622352,0.7589349384242134,0.19663128349357414,-0.12986151495010848,0.05586829657615103,0.03232666706554521,2078.022120270665,0.2700783622620415,0.0003146640956401825,0.0994098037481308,-5.529263677690937e-07,29.75882911682129,0.031880542635917664,0.0,0.22111178934574127,0.7788882851600647,0.1835770375147603,0.6392289035901286,0.7768890228621254
-673.0997825810377,67.90373394850127,14.389648023604721,9.900644991674001,25.835786059573216,18.241288508634845,1.7760829278839343,5.626964296134116,5.458732181863786,-1.264690839369823,-5.468256043860581,-6.094740011392128,-11.77590541463507,-18.327186825537105,-15.508155556894183,-8.13980502072549,1.2663680744231112,0.8361962943659967,-1.1499084103858188,-1.8048256500169375,-1.0503798321580897,-0.47144048658389315,-1.0403506417047768,-0.7218692288271336,-0.12901905908286326,-0.17117851206586976,-0.024711264520112353,0.345057225630839,0.5820719663956229,0.6498324561179304,0.1348523612371704,-0.661941844711637,1866.413281892892,0.27528698282158015,0.0002881893888115883,0.05429253354668617,-5.385937674865377e-07,67.29815673828125,0.06264074891805649,0.08795898407697678,0.4074309766292572,0.5046100616455078,0.3040312628798725,0.6602249641365765,0.6846986782542333
-671.3895594366643,75.56915194850421,22.29942175384869,3.0938267246150932,6.599640764157416,2.551517324377928,-7.985110440726977,-9.504003429262712,-3.678542469473208,-4.948048656747907,-9.741881197317706,-6.729938785831118,-0.4733430397443116,2.033912214114088,1.7569070108919926,-0.7612909734741278,1.1171432063138722,1.0213051136740785,0.2541540899309015,-0.21121057610233854,-0.3317159946904521,-0.368488731124801,-0.8824672330465458,-0.9612331927785481,-0.4202954239438822,-0.10529720576653098,-0.5643149178889116,0.04623992522042472,0.9197052135076118,0.5052179941052947,0.06304924167729152,-0.17819439751009047,2009.0095629066734,0.2806467827517562,0.00041648466140031815,0.08375205099582672,-5.698749383503473e-07,20.201335906982422,0.03726555407047272,0.0,0.05696392059326172,0.9430360794067383,0.36524407698903,0.6019448177596578,0.6223653115000517
-669.6826548291943,73.27592504274617,20.126891232051797,10.568109780757315,18.683763839252293,13.365992060019373,-3.9441365694178803,-7.951293726553519,-4.11712679355862,-0.758021565388417,1.0069052126410283,-1.5150957699934968,-7.405140272799866,-14.906451226635799,-17.22952499693262,-7.5642813994722475,-0.8713157481721658,-0.5078600764880685,0.7646002493941684,0.6936035190982401,-0.2970253330758174,-0.5542023841272726,-0.5750500457327837,-0.5608493387469793,-0.3032350609441384,0.04724605167525187,-0.12310004399102006,0.46312840870110933,0.5877101468836287,0.1179874662612933,0.42736177243570145,0.15207829993580219,1901.201134416624,0.2802182006948864,0.0002998383715748787,0.054758232086896896,-5.5037862088983e-07,29.233657836914062,0.3436615765094757,0.01421507727354765,0.1929076910018921,0.7928773760795593,0.46119899871068465,0.44425444481653703,0.4906430562414454
-674.9010337067878,67.93013651159833,20.429939055804745,9.538945219568312,10.635332658620312,-1.6337014036869053,-10.025897049631737,2.9991793187440043,3.718406407465162,-5.92867111904873,-11.965510774865479,-2.531709791560564,-1.0448650373132322,-7.1294412318771645,-4.205130678996815,-1.9558171759055378,-0.6777248186101436,0.07655392018653563,1.6113327760132492,1.1312636217453786,-0.12650794927308195,-0.2246000378533318,-0.42019922793588316,-0.6116360545810656,-0.07882743331023054,0.2154210367506502,-0.3000099960352367,-0.1433579864157683,0.020067255559868283,-0.04515423492267462,0.5506689251248192,0.6329194185993512,2030.2104107533526,0.2764392255507023,0.000441073440015316,0.08272891491651535,-5.572752030015155e-07,29.298362731933594,0.10168646275997162,0.0,0.20217597484588623,0.7978239059448242,0.3710254148639485,0.5725642724834636,0.6067936945061759
-667.7674668989979,82.59146669887862,28.164412499255125,6.892289832703539,11.872493235872467,6.619609519772938,-10.219039367573552,-13.069151193878543,-5.420881004970201,-6.842510101928141,-13.164872831550035,-8.9089581355816,-0.7210371398925107,-1.5984292461837426,-8.90919305888232,-11.0033734068484,-0.44616804890206363,0.08635261329417898,0.849533676416681,0.7511394209933475,0.1349692046889095,0.04224797280355394,0.022613414367317425,-0.4798132163921873,0.13431729525117012,0.7047891818459134,0.17909184989716292,-0.09981500220939732,0.2053267423662573,0.4042162390459908,0.3206587237428553,0.41364432422548586,1624.9905887782613,0.2695908064887903,0.00034331437200307846,0.027309756726026535,-5.928501013804868e-07,28.847749710083008,0.12314368784427643,0.02251468226313591,0.16582615673542023,0.8116592168807983,0.4617317807308406,0.5759948599704534,0.5550545176147709
-674.9468735134063,73.61834083427628,30.66299039388796,17.733036110808655,17.76635479592953,10.360739888776045,-4.047025399537216,-11.198936995764337,-9.702057308075808,-6.012848595842778,-8.149674656966525,-2.348776410084991,-0.8465532206235858,-8.404910337207243,-6.690138254241964,-3.4287442434700126,-0.5221599014185545,-0.3595352933589018,0.15342853298270184,0.6035779652446449,0.762123136422859,0.5048144737828901,0.2758061847104541,-0.2612637458328685,-0.217031790559662,0.10219930639335366,0.02496930321711774,-0.12808474519577023,-0.10277374106467872,-0.1686909414438791,0.1484979004482137,0.6854192593758477,1871.415603326265,0.2885246807611686,0.0002056080847978592,0.05214230343699455,-4.673659980577365e-07,250.1535186767578,0.07008223235607147,0.4394150376319885,0.2125750631093979,0.34801000356674194,0.13851253406519487,0.7603514967728178,0.8459026845961792
-688.8838563065336,57.60528726072255,18.294708288078777,9.779800633181242,16.341762487468984,9.778461139821156,-3.641717289201888,-2.8016487236311267,1.1604483919579236,-0.1641897614063823,-5.067835787548226,-4.2383029663278196,-6.707154716753164,-7.130624484122241,0.25309427490750336,-0.12368267414575729,-0.16433993115237847,0.37914684654007863,0.3399906207186649,-0.2453742002694273,-0.4907108178800561,-0.5018160422928601,-0.03190202779379815,-0.15221600438655597,0.13384562205921213,0.02659344001582925,-0.3484605390045119,-0.251848539989896,0.4844930547161118,0.791849061939509,0.704789160322771,0.6850388697465306,2139.127599333976,0.27553061430566467,0.00038737617433071136,0.08169569820165634,-5.728595754491256e-07,29.38960838317871,0.11331071704626083,0.0,0.09976870566606522,0.9002313017845154,0.43034353578964735,0.562402221313319,0.5665118357740685
-672.0679958006847,73.87738341477585,25.18453185159224,13.58796434213391,20.04071129945323,15.955115457650024,-0.0963633446621871,-2.1367838628422056,3.145912289439651,0.20520516962025004,-6.310660695659335,-4.5012437635285165,-4.834926749422276,-8.840345882048204,-7.505579207604674,1.1482263656783291,0.35157011637064534,0.8046505277292284,0.2740553100346448,-0.30730388342393816,-0.46290918560778244,-0.3294813956326198,-0.10490665266662336,-0.4478040471432861,-0.15277850264811615,-0.11608775922605374,-0.02051502294116347,-0.30155980225952234,0.0011592536225897305,0.042863930486073745,-0.4568824747213478,0.14149649820477628,1769.978405464887,0.2725834050535632,0.0004840381443500519,0.03985900431871414,-5.583110104534303e-07,26.569660186767578,0.12238425761461258,0.0,0.0,1.0,0.3818955514332861,0.6706057694056422,0.637154325726751
-669.6714153512291,76.88111735855256,23.32664923401298,11.642764944413049,17.16776636999935,7.617464637717452,-5.447203731286526,-6.120942047398184,3.0714788775736617,5.166334985750252,-3.2718822010270276,-7.9476160584617705,-5.8233872290785,-7.677295762649782,-11.871467778987633,-6.719345757479674,0.20217382474712126,0.06739259806038556,0.25968422659786444,0.13958719156074575,-0.20106361191528044,-0.7952097055413767,0.11919989363314668,0.43379175002736536,0.045747846106688084,-1.0759888944953087,-0.6320111766963623,-0.27186769254009674,0.4249155580223398,0.08825953160955821,-0.37870658435420756,-0.19405062745756513,1724.421703473005,0.2692491740857931,0.00039664842188358307,0.032636746764183044,-5.669600874795386e-07,87.57283782958984,0.2788662612438202,0.08668497204780579,0.4975084662437439,0.4158066511154175,0.32161860091707084,0.7632576979873481,0.7035435272741575
-675.3678091675841,70.74514971921616,22.29116090201867,8.59511756914074,13.348479279124419,4.851008662167198,-9.329814670746376,-14.794617402890989,-13.684558871436625,-12.594844703666535,-11.009935389413425,-4.0097165537459345,0.19029631176416972,-3.679817370963467,-0.6745149649870705,4.614351731701559,19.774323397072234,-2.1880843743295366,-1.270423331797679,-0.5923816175303532,-1.3489762715364346,-1.7624151394872238,-1.2014178484068765,0.37022752065286124,-0.13416489385917668,-0.6659190875934825,0.4640515340929183,-0.07766456592063863,1.9200280149551014,0.3696592009832824,-0.08296451380568942,0.00527426966518529,1998.1861535328792,0.2804038488555038,0.0003097662702202797,0.07329018414020538,-5.153263646832728e-07,38.13044357299805,0.10624850541353226,0.0,0.22103507816791534,0.7789649367332458,2.534169805298661,121.43407665466228,0.9795579119842021
-671.5654174029476,79.64228186017212,27.61933042636633,6.256397900850516,6.072015912729008,-0.9223025749548559,-8.318312102351145,-2.6288291075963244,3.4846091558551056,-2.918425761892581,-10.342933217103994,-4.126872998401941,2.4841529629264256,-2.467641048785177,-7.6206517792050334,-5.502581510951064,39.37068212623078,-6.914141722883294,-2.3972381547030936,0.9803372290396933,0.09924099252954967,-2.153303478408728,-4.009483007953605,0.9982251205574536,0.8914913949509407,-2.066290619824585,0.9934544793839399,0.7916018463304973,2.0860140419648685,0.9341558144133417,0.22180106563900664,0.3757883417725362,1800.70098258293,0.27107293954006284,0.00044200848788022995,0.04635446146130562,-6.134772340828156e-07,87.54593658447266,0.34119144082069397,0.07208844274282455,0.15688516199588776,0.7710263729095459,19.332757644332034,660.680425949418,0.9715700252425081
-671.3716614950031,78.8294210896392,27.87750977044211,9.509524110125016,10.044489654631137,2.375626471699996,-9.932276042422153,-8.92045941861186,-3.7388955925990848,-8.654683895343485,-13.408548860224311,-8.883872333474182,-4.170735448201134,-8.060452086124986,-12.001444890728658,-6.331595841509204,46.129334352856965,-10.572294320554846,-6.138204461696341,3.3275061151458427,1.3174775556546923,-1.8116872160901465,-3.85418946448793,0.7768589547191226,2.921350062064528,-3.1226247986222893,1.4199819220873087,1.7578895239575216,1.917656915207619,1.656756097936913,1.4812417356049623,1.3758040683680695,1824.0393847275602,0.28390620718872317,0.000461324118077755,0.048632457852363586,-5.826857601410772e-07,0.0,0.0,0.0,0.0,0.0,0.0,735.7617797851562,1.0
-675.2505346516617,69.45860660242735,30.209818034057093,18.163644766041113,21.45586920556925,8.806707555718043,0.6295572571830264,-5.193084549337625,-6.161497191706944,-16.42383657616744,-14.88851744133572,-8.26424836754974,2.293873295989338,-4.15450380579178,-8.377204880428542,-9.914076043285636,38.40526665900057,-7.895589775871686,-8.016965859637237,2.825514846623646,1.7851104011078833,-0.12992658280696295,-3.571368372355308,1.43785793123215,3.5921588974849903,-3.445332443224,1.048013272836798,1.796576219801137,1.513744058940179,2.0054797310049577,0.6887855333638669,1.3404394637915098,1975.0577959202928,0.3345210006506004,0.0628978032618761,0.03929772973060608,-3.800206376540833e-07,1859.7471923828125,0.0007798200822435319,0.7834468483924866,0.21655310690402985,0.0,72.09925759875802,664.8130348817108,0.9021603271726277
-388.43168043838807,28.74077575021807,0.2506488499257743,5.945240625103535,1.4681791210364499,-6.421985719311881,-19.6360155937829,-1.3331377737571812,-2.8839501567657995,2.644234920718356,11.4933164310696,0.7418426719797468,18.794115295534247,-6.784473407633614,-0.27665275320892646,7.428884870324293,29.399309241616333,-0.935891981024755,-6.237963895998462,3.0901791870201647,1.064791645257082,-1.3831807530442028,-3.57533644395477,0.8980107752600621,2.3150789767329862,-2.520208047205253,1.030190096816014,0.80401128676078,-0.0963181823016043,0.7215248803150937,0.11162741183753136,1.4122494077830727,3254.3555951638455,0.2829740360138043,0.6932703293859959,0.45089906454086304,-1.0880517768057021e-07,1877.24658203125,0.0009656097972765565,0.7825770378112793,0.2174229472875595,0.0,71.95765771055903,671.6218100628785,0.9032280195605348
-309.2603382027236,-10.564195298651665,-3.801623398345686,26.72786031048932,30.441722497563184,-5.714041064971818,-52.01698837298125,9.636525272816845,21.18528836580704,-23.17777579322064,2.8889695460212392,5.080265001474487,3.892902056459868,4.673571076628318,-0.7569835491483585,5.136500610163484,12.572877125543464,2.474405387110694,-3.8658353443400926,1.6354547262215786,-0.00835053871510616,-1.3368738354349274,-2.9597654100292607,0.15330674322416232,1.0610796036959007,-1.6129631450190036,1.4037580074599059,1.4102955579765009,-0.4861937424714247,0.15360421862899337,0.35834484267359573,1.3601417834759166,3417.2567335112644,0.2542485614619977,0.658306167460978,0.12780189514160156,-2.641210639792396e-07,1877.379638671875,0.001183805987238884,0.8370715975761414,0.16292844712734222,0.0,69.82369326408022,550.891943942951,0.8875109807475472
-392.9830734216292,4.425058898291595,-36.169696475460086,50.53486130048529,31.94159429443466,1.982681151386102,-20.06573370907536,-8.391675986348226,30.39202833378762,-29.619270834109642,0.253199471180503,10.754752530306217,7.388370439387458,8.721889165133636,6.367390823507105,12.589009679239275,-6.953524369637579,4.856673835720085,-1.5508632396014272,0.17997469281803147,-0.05085371056280924,-0.4925613514893834,-1.0453293052197694,0.1044311268236043,0.3932402040976991,0.011504729390545983,0.6144829671690824,0.7510157188311057,-0.9090362666712191,-0.17862902640917727,-0.3913841343940444,0.21385482462869715,2814.8173875521024,0.21515818193945216,0.01086936891078949,0.058202214539051056,-4.3064358956700724e-07,1899.61572265625,0.0015941308811306953,0.7816888093948364,0.21831123530864716,0.0,3.8834629447599838,60.80026050494705,0.9399622851368559
-557.268502139953,65.81273875043792,-30.465003484951353,13.226019511695284,19.958810466116493,12.415083821460282,-26.69051701471414,2.61521325725673,14.832345971996034,-26.440386753128827,-8.840451958306609,0.9176776742144639,5.038630826606145,9.214019568022163,-13.184146269308535,-1.3534084997759703,-7.675375515778318,5.906958323446158,-0.5392716824897469,0.5235181829420273,-0.8691822626675307,0.09291031110672637,-0.026915448291308458,-1.495333844013901,-0.24113136288368492,2.048252253268445,0.500868270960534,-0.053047286808213745,-1.25764487327586,-0.009820476717435134,-0.48325539741053114,-1.2770453551610592,2082.191473507798,0.21211931159709538,0.008788283914327621,0.05408594384789467,-6.425078759542621e-07,31.635005950927734,0.15047955513000488,0.0,0.0,1.0,1.3331984979710194,49.14693837336687,0.9735896417759518
-550.7927001395068,124.28680890708907,12.811416376581828,27.066866685017427,5.710242400039782,-22.073082615477784,-30.952342404927986,-9.229281719300285,-11.371335185119396,-20.58571639467175,-7.959190793812905,-8.888401030942802,-9.349644954431612,-12.216378975076907,-5.916956109784406,9.463266166329795,-10.754543553766357,12.977530277514978,0.9824202628441896,2.5416719925866738,0.048046626398772774,-0.31282577824576896,1.4359752243405632,-2.7940430151206592,-1.9054434795229336,0.5845832221543033,-2.4769503017756502,-1.4446605993082566,-2.4610000736885977,-0.44427123403662566,-0.9814619634555046,-3.4731293258170166,1096.7427429680054,0.19782044682085975,0.0023402096703648567,0.00877523422241211,-7.03717103243299e-07,346.1270751953125,0.02886282280087471,0.607373833656311,0.14914119243621826,0.24348504841327667,243.1309098130941,5224.937449561906,0.9555362344005363
-631.259649546462,90.56718494272145,20.373867397510864,8.941619321332357,2.3276188493227608,-6.544233141641044,-23.18227681613897,-2.2371255838669892,6.309216701193996,-5.0904470354937335,6.4124148434437505,9.936766408883312,0.5544864042562103,-7.607484932735123,-6.066385924548299,-2.516966238675149,9.485788766914617,14.97243836912794,-0.27904138687862834,3.022877266032636,-0.9680879956134358,-1.6415423073025135,2.5005321995458414,-5.483949588587805,-2.738416668983888,0.8443277548123947,-2.2597138041619043,-1.8930000327133696,-1.9477994579168274,0.6468270366653927,-0.39986520130360126,-4.230553071393474,1718.3247965059613,0.23308300030163365,0.0003761155530810356,0.04902639612555504,-5.53927021195627e-07,144.9892578125,0.10800281167030334,0.3217087388038635,0.3571126461029053,0.3211783766746521,1329.5312009483978,14474.842822489103,0.9158757443365529
-665.4851400335998,68.98084477951195,12.376985412153765,11.940310755668616,24.127568131733877,9.793678948853492,-8.426794499721424,-3.867561763699193,-1.361399838179752,-4.5515267123184735,-7.508394577749465,-5.413628950056107,-2.7162913470232044,-6.56931097618195,-13.67837876522172,-8.0663191960545,35.516844773596205,11.595744157981695,-0.2957868992535503,2.499304303301085,-1.707541225877569,-2.6074317936847393,1.3679631413900215,-6.927864995587271,-2.2057269991056447,0.8102682521733683,-1.651655345780239,-2.261243384375785,-2.7587207796357913,1.6597535932315466,-0.3919963125660112,-3.4646669357539417,2064.172824461275,0.26639329966618075,0.03897210396826267,0.09535599499940872,-4.795982758340213e-07,203.74517822265625,0.0896066278219223,0.10795491933822632,0.46082964539527893,0.43121543526649475,806.6983224202224,27237.807536954777,0.9712350673438394
-382.139010340589,47.351802059263335,-11.307033235898874,36.28023406069316,12.03848330525216,4.467650701245494,-19.876793892190697,-19.576047355509694,6.958496338131528,8.394715458913918,7.167164797223684,-1.9608162665382127,5.415716853326128,6.911912259592306,0.1510465884459376,-12.840184018270737,53.3552929144114,7.584309782565728,-3.0472052459744727,3.083535948081618,-0.9576994582704236,-4.00902611732288,2.994098845727782,-9.47160912195512,-0.41344172759923836,0.7035855763084898,-1.5880805614217803,-1.309346299714449,-3.2323044290123915,2.3206877436258377,0.8481131100898026,-1.9464000012210525,2499.013856431702,0.2402572955605104,3.919274120591581,0.2650511562824249,-5.077793723669647e-07,159.5952911376953,0.011585877276957035,0.18843016028404236,0.5762249827384949,0.2353447824716568,19374.69524604256,15453.55866020744,0.44370753417053355
-340.3420094838717,141.50022740582534,-16.367048493668985,57.274415521249836,24.306118896800136,-17.916310875619764,-28.89806274358814,-22.383325930365743,-2.78801192516896,-30.13774217637238,-28.80200420993959,-9.817836810120617,-13.089629908651592,-3.2763216095588716,-7.4361601000628585,-20.56698767323359,47.53209109181043,6.556484806461603,-5.9647334811832255,2.0821198253253677,1.37295400784332,-2.766066293148981,4.271560092469529,-7.454591783228757,0.8888484281954436,0.057497982388322155,-1.9697000276528451,-0.4830526476761343,-2.590943089425393,1.848138651844143,0.9728684883169044,-0.3763023199794242,849.0079113814319,0.16024805430003977,15.846880837343633,0.0020135834347456694,-8.032798338460053e-07,159.89694213867188,0.014590524137020111,0.17662306129932404,0.5889521837234497,0.2344249188899994,18930.197503027328,16641.040778222672,0.4678229261137179
-265.34594057848125,134.27296323509864,-32.309607571287664,59.270885343243705,21.002841259096183,-19.40590548523054,-16.923007141472414,-52.37378078050412,6.428509505463511,-31.550104490947366,-17.331842187348258,-7.314739533751257,-11.812470966475342,23.113921362119775,-1.129539141042814,-23.329013346540492,45.71026524466218,9.592216236034233,-6.3607613528717595,1.4146778759952174,0.09776210480004088,-4.794436284914887,3.8758555678568998,-7.713856795794001,0.6804723936297981,-0.4930539650558299,-1.2899066391276348,-2.4508440309008646,-2.4127579345903047,0.7780117411237004,0.17657474572791054,0.906172143110334,1033.914778492969,0.19232627112416142,20.943238456733525,0.0015290810260921717,-7.653385162566544e-07,159.1591796875,0.15705642104148865,0.15052956342697144,0.5671244263648987,0.2823460102081299,18165.052735395206,16733.173827104794,0.47948493305632556
-246.67782811807587,129.21318937601782,-16.713589306033256,31.552348373383822,-6.18020155082617,-18.094410604517503,-8.725429554813328,-60.156152843393215,-0.844980842107254,-12.22823648089681,-7.920368824123474,-13.550471770911965,-20.699430045495774,15.093388737192743,-9.348265344291685,-5.303359357315847,32.75141161615205,7.966617024986885,-4.0950376826838,-0.39863135684658246,-2.20585764605886,-4.428156447354281,2.9615821682029417,-5.790997567009632,2.609362593738747,-0.20620048117195183,-0.3670645245690351,-2.7044863669088417,-1.4695656480827006,-0.0059079308325868385,-1.1577596147831386,1.2440971401814687,1062.8365026082975,0.20668224808629485,18.877950256690383,0.0019617935176938772,-7.641838983041008e-07,158.32083129882812,0.1307978332042694,0.18871304392814636,0.5218369960784912,0.2894499897956848,15825.485954357124,13690.187873767876,0.46382772602408695
-249.26789956127791,135.8998653344603,-20.501581951752154,19.61678826429376,5.128902659056327,-37.345978318690044,3.5389632572499945,-71.56650158901513,1.0329609203608978,-2.5283304500923816,-15.495245933456843,-5.499158830191976,-26.15678346450872,7.358059449124255,-1.9179457501234964,-5.943248702130073,9.783687542003038,3.8165901034658996,-1.06018132137675,-1.6815525074573425,-1.850964703754789,-2.1669354292332543,1.5468960427838512,-2.2190926362976344,3.2938805783102083,-0.14281607381859196,0.011870371365892918,-3.7861408253258446,-0.48317466515447394,-1.0606167010559315,-3.092914034388274,1.763088147189283,1117.2616578329325,0.18545504869002977,4.936876065097749,0.003124745562672615,-7.933911900286593e-07,157.138671875,0.09822382032871246,0.1933678835630417,0.485873818397522,0.32075828313827515,11755.16132778399,10395.97148471601,0.46932008275664844
-362.90706964952756,136.78810811799718,-26.207067886278548,34.738605728181646,37.11638501320843,-20.55033430662123,12.490999766939591,-32.70739756777486,5.792870283567837,-7.8202742261434395,-14.743206756600141,0.8496554104528449,-14.88172259005215,-10.600309616128524,3.719830806057723,7.629170626927738,-0.5158431870048782,-2.1502902727653477,2.2489560132292516,-1.6104243216673155,-0.8255292107680489,-0.5581519188458774,-0.2993544578474066,0.811566274987043,3.9259651096238297,0.7245599499311205,1.4674259729793864,-3.835124662435051,1.8370876900852533,-1.4065376020094729,-3.5945468883499925,2.2348527357502648,1200.52173493685,0.16174026775547934,5.29345166310668,0.006542768329381943,-7.821464219914076e-07,157.4884490966797,0.011860660277307034,0.2135906219482422,0.47294187545776367,0.3134676218032837,10793.445255588249,7682.959041286751,0.41582544513740727
-262.3908243956882,142.3927088492244,-41.41560336072359,27.825305917042048,5.128808195221955,-34.75142803156609,2.5161741298047025,-60.876666822710646,13.627609952450161,-9.0505493453282,-1.3992790904465209,-28.821027302986646,-8.82410898919817,2.270438982626434,-14.9538994367473,-7.960376196306592,-14.997081198010576,0.030790857868271626,6.611270415750491,1.0148037234811154,1.05697864854527,-0.4527265903000121,-0.24836811271473236,3.4971144321211036,1.5626896475518277,-0.18348568604565998,-0.1820673085758968,-3.8391050733416603,2.3941462858522953,-2.64268019685233,-4.480702007592328,2.0868613486848178,1154.7410966543189,0.1804770014029347,9.86959461774677,0.003657075110822916,-7.347420718569302e-07,157.2386016845703,0.025443699210882187,0.21713200211524963,0.46692103147506714,0.3159469962120056,9591.06563346819,11156.14921028181,0.5377179199376994
-256.76208542146765,119.14875418091808,-24.499148943063773,33.483465676979804,-6.214688634820544,-21.412328787986397,-6.607811848118338,-49.79684464761063,29.83564989906972,-12.974762812044382,-14.078077320674916,-31.623407462528945,-9.597782221161859,4.42413450058736,-25.09695726886399,-11.50923827098886,-23.60677954972131,1.7783101231014753,9.635937422798325,3.7072068188116587,2.7641997142083703,-0.7718355251380337,0.4772627749918681,4.482818467496403,-1.0740046306586821,-0.800716594341394,0.11965563673135518,-3.562806609285567,2.042504582715742,-2.3974206957871877,-4.287522287552998,1.9955641312025088,1268.3358474304973,0.1922926935423481,9.721009408123791,0.004542688373476267,-7.331065885655842e-07,156.09385681152344,0.04809825122356415,0.32769775390625,0.3811589479446411,0.29114335775375366,6690.282726158298,11470.352039466703,0.6316052377848671
-270.4888879658801,115.41065603737457,-14.184310179724744,43.826384206436934,4.277488288574309,-17.127625104284633,-28.414739388112082,-34.91304365984186,26.639945639693536,-18.97152830810889,-9.958296864568133,-35.24563856784313,-7.399396742107774,2.0724854392206566,-29.35190994051242,-4.104624933292895,-22.625180272435337,-0.8904065501966729,11.09380659653482,5.031302975252544,2.883977881374663,0.5772334542766601,-1.104452349136892,5.563173981717402,-2.04181929275933,-2.2720313765093154,-0.9624075538838116,-2.432250934945407,1.4476339558873685,-2.062712004995493,-3.2492169793492858,1.9435395143423528,1169.5119541784456,0.18689655572987923,7.894194767810404,0.0032427154947072268,-7.575588555398366e-07,153.596435546875,0.023504676297307014,0.4575244188308716,0.350843220949173,0.19163255393505096,5091.434122586162,10109.54732272634,0.6650588555151353
-335.8995868880973,126.80161043149705,12.894603831855708,41.683738483860125,24.484462621126596,-26.9869784240639,-25.57269199780566,-31.157497435524213,22.45390998990515,-26.699457175151693,-12.765911069810752,-31.529597507070292,1.2728872433569276,-1.9867764625994684,-29.05425094176842,2.1447333834653173,-14.303595360953064,-3.997716834602821,10.096279077914723,5.582954014964595,2.3587233144562805,0.019084866003501982,-1.8647818685827549,4.353659039179742,-3.2343307605746947,-2.8052228117302307,-2.1224966527500735,0.027942931214940722,-0.6008352205468064,-1.3135233501062853,-1.8894746609727613,1.2174096945633128,975.9821696939375,0.23444618494582933,5.770287026651204,0.00224571512080729,-8.938431709191362e-07,148.52886962890625,0.005928934086114168,0.29343992471694946,0.5690017938613892,0.1375584453344345,5920.443867592245,8462.017069907755,0.58835668712608
-439.31159132583764,151.19795344432595,41.06768818973555,55.10338565433207,25.11749845555891,-29.42105646193234,12.73847222649638,-35.72042304921703,-6.419501168810179,-13.938753185457603,-19.363452025146913,-28.425465744686367,-3.079193098753497,-4.829481715048171,-32.639400942895264,6.253127668206455,-13.118521847633568,-5.925490236688257,6.958571540565962,6.153018312259975,4.412588318178758,0.518910821247483,-0.6996142874246957,5.065390727601475,-3.1772189179343533,-4.347258055002525,-2.540010418530553,2.408765603837831,-2.3671228922823495,-1.592482102397149,0.5802857837447298,1.5178348539756368,556.4567996104415,0.22103809176200553,5.123111755587161,0.00020698858133982867,-9.082849961338892e-07,146.8248748779297,0.0156581848859787,0.3674500584602356,0.5274050235748291,0.10514480620622635,7221.991694459996,7738.556157102504,0.5172642228001215
-469.7259780286428,156.15303718635323,55.28986027550894,53.072666662841996,26.82013848762527,-36.80326354725531,18.298454604981732,-27.06429059263828,-22.94930751008868,-3.761332129294494,-2.073273104249887,-32.00206144934897,-15.803537057553212,-15.984544017398832,-30.63346476315347,17.26110113894717,-13.516350253964244,-3.9441787943879936,3.017837395353528,5.90545501353737,4.361263600933444,1.4331556449737552,-1.209293314700162,3.8287779326331624,-2.1425923298201752,-4.145871919461425,-1.089397328562805,3.5085761863809295,-2.4211842140557343,-0.21579204812888975,2.2023661183643215,-0.284927845471261,552.9264250723372,0.23343727898415342,3.407912795431912,0.00015097959840204567,-8.99508846615205e-07,140.39295959472656,0.00840735249221325,0.30210962891578674,0.5368741154670715,0.1610160768032074,7497.807049226519,4774.431232023481,0.38904323095796156
-400.28666353173924,101.70423392004764,34.19273690597001,65.64667912172153,38.441622829708365,-17.769302949862084,-17.753342119258996,-9.589180784374971,3.8312954121346667,-33.77773215952729,-30.779764576342547,-17.56536847753651,-9.341038586924434,-14.391756735221385,-15.05915459215428,5.465651283120566,-15.486115139757812,-3.1005627641956606,0.7784398345081303,3.604070775150528,0.6474754583169715,4.357257182274003,-0.8080684818906015,3.867712279629864,-0.4817998775118175,-2.9196508260574605,-0.2051105151408593,3.670933782799527,-1.416744403905427,0.45005024892135836,2.574623311462138,-0.9230456533281415,926.6681792757179,0.2086727334955337,5.6600534515455365,0.001710347132757306,-7.650525675910665e-07,138.99777221679688,0.016654282808303833,0.2599741220474243,0.541288435459137,0.1987375169992447,5113.690105023079,5083.645832476921,0.49852685678248215
-325.35149856820817,79.88974594138202,14.823358880770602,77.50303519423605,25.785207651218755,-22.23182990880032,-23.020027205206105,-17.0325586889729,-0.7175148131108144,-37.21813841348534,-28.196405751497032,-8.688660952789828,-21.483727192602437,-5.876682031776625,-20.953221244238005,-1.1538124195357995,-2.2745852349032694,-4.736519837462811,-1.8854518467056938,3.840121938533657,-0.5739228264588356,4.214814855511998,-1.8432811919210068,3.4195008058105887,0.8686812815664504,-3.3049374232681696,0.43318639615697196,3.2631492394078205,-1.4406990682616247,0.7766492662124969,2.796308495128706,-1.281611114554069,1214.3457173816082,0.2071575486972646,7.709051231853664,0.003436302300542593,-7.096378772425933e-07,138.66287231445312,0.029075531288981438,0.23689843714237213,0.5723381042480469,0.19076339900493622,5232.436940716534,5667.085520220966,0.5199388817749657
-309.3711066820703,82.46996584850203,-1.3162487738706672,73.34852396061169,29.651724516182142,-23.578229668656828,-11.9673639488733,-23.154253526121764,11.639329206348169,-54.40831780504044,-21.17311468079123,-18.612622187307167,-30.176566647217104,-2.1596171781369384,-16.108988917878655,-1.5236528223390382,6.097356493862392,-5.368775090933959,-3.060348824404249,3.5101259003806224,-0.5380239846496155,3.3545326049712814,-2.576466592171466,1.5019352922566398,2.965713647018159,-4.103699710035074,-0.17372274270632754,3.5823160563941587,-1.4444637381148184,0.7130317826024173,2.9629954473775015,-1.4488154845712367,1319.9826061942683,0.21022166486899563,3.3483549561351538,0.003960066009312868,-7.36788333480129e-07,137.100341796875,0.009900757111608982,0.31098923087120056,0.4907568693161011,0.19825392961502075,2070.3035987811586,8081.362416843842,0.7960626762548495
-445.3759513022578,120.5209520328797,11.871726229332513,79.37821434237394,36.19218459989176,-0.3675533257502858,-30.736121957910786,-14.779548197889454,17.970240533047892,-38.36616411858283,-11.438598408307609,-5.60501954614469,-15.888899413143438,8.696852281304093,-10.439232696824952,-15.872743038501135,3.756881890970645,-2.9326413157505176,-1.839129294465074,4.3475649113203065,-0.572237312876196,3.339836307846178,-0.612701704520971,-0.0007226445246051871,2.501655371430682,-3.522169761203942,-0.8789732795952687,3.7200306679163466,-0.4918115785274342,0.704263637641435,3.015138520189343,-1.1789114034680857,843.6597475149028,0.24466327676013494,0.3832436231896281,0.0014071089681237936,-9.243271565666496e-07,130.80792236328125,0.035905495285987854,0.26967254281044006,0.5731345415115356,0.1571928858757019,2651.5496228557695,6083.6212755817305,0.6964513169021038
-521.7372039386192,127.04252498255747,29.56803937027731,54.38642765382116,3.2004483580450183,21.70239199983868,-13.98065560616045,2.0281608689160326,8.188336207835572,-25.41727661055829,-6.594824598174434,-10.359837199373828,-0.8104885003197864,-3.0513801497478124,-15.379090844525132,4.05491621815332,-1.8309655786600347,1.887326062953648,1.8646185218547202,2.8784251113581187,-0.8758268590458683,1.9810029795583903,1.3023716423470366,0.038758425840778626,0.4719434734709913,-0.4046221296906574,0.6253541708941094,2.6676740050227075,-0.7393587506590167,-1.0845519520517113,1.832624973196522,-0.30691006056067205,801.0983996912273,0.22009674942739568,2.743025252595544,0.002094665775075555,-6.122312092015927e-07,128.0386505126953,0.05263464152812958,0.3034590184688568,0.5795671939849854,0.11697383970022202,2686.222169011303,8235.887205988696,0.7540564668616218
-343.1030585276699,96.49499381050445,23.823876188912383,84.74505101275965,29.824859319627794,-18.872965368766046,-10.111770263278286,-10.927526298902912,2.1164687107959184,-45.20456354932625,-13.563585519544501,-9.06828784909688,-16.787564036524444,-7.069346682009867,-9.88951354034861,2.8834733677832016,-5.762812881711027,4.282701074984253,5.303835506862422,1.2212461860398878,0.4738904752531756,0.8356359727668587,1.6943368486279513,0.02714886725227128,-0.15063621488859424,0.2342768844152528,0.9302684434333841,3.0108041931823646,-0.1869660141741566,-2.146498752944842,1.0796065918928994,0.3069156484884834,1078.7828165087074,0.23510402671493746,6.60265480261296,0.003894803347066045,-7.564855941337551e-07,124.05439758300781,0.08330816775560379,0.24855919182300568,0.639720618724823,0.11172027885913849,2352.7216282473573,10351.690481127644,0.8148106651459136
-352.0870501566791,92.58291255807382,21.812200819325117,89.16231684451888,29.812441060476218,-17.75270764184299,-4.558177573253694,-31.665890335085336,12.416412136408622,-48.30504661917002,-29.633480679152285,3.735268910294307,-29.67211092441442,-10.133974848560609,-6.2209616600042335,-0.31078358476415924,-1.8343417610816735,4.1898787867376415,5.0161854150133784,0.2893662036094157,1.1257207878155941,-0.7690216564041246,1.1348117930987325,1.0643168588607625,-1.3446363000921155,2.444378997727811,0.7607675250939328,2.7087862326907635,-0.1741002779547632,-2.6449393725705446,0.009269928106956954,0.5566938381829236,1128.938898601397,0.20896968218007925,4.305936383083463,0.0019305829191580415,-7.808579582093081e-07,115.19586181640625,0.05143270269036293,0.24639153480529785,0.6261720657348633,0.12743650376796722,2941.613821753859,8609.23383449614,0.7453335106396115
-387.5551554015102,99.55864475350077,24.766992233408622,101.7689282079844,29.30145832673621,0.28224690228201066,-6.739249928978932,-19.86571789126903,7.582442005840863,-48.95294043332166,-27.078567857702076,5.949537729693292,-17.622007597110564,-7.794652799753552,2.2506399702910436,0.49647108405683826,-0.5870166815216012,6.550656706322546,5.07888604610513,-2.3733331982782415,1.414459479115767,-2.6325676475917628,2.767717998971894,0.6705157154137398,-2.7633937729067104,3.0533083564375874,2.500606795680836,0.49698183128293777,-1.680856360767025,-1.5448723899523014,-1.2715286519023303,0.7752500677624878,970.6946483761083,0.1950785361602423,4.672015423886478,0.0013338897842913866,-8.056522737186279e-07,107.87677001953125,0.1573888659477234,0.288063108921051,0.5510984659194946,0.160838320851326,2441.273448890051,7104.466785484949,0.7442551977164826
-385.30865604300584,116.21246695607121,40.15202743281942,81.37503042223202,24.178504985301206,-3.226223867450967,-19.289031552691764,-3.590122065306044,8.260381390518546,-32.38799832525927,-17.47640065628737,1.1629641128790553,-23.35527124898468,-21.29282936397403,-10.054119323159544,-5.671200973342517,-8.098641110094068,10.243559315471982,4.991831286877758,-4.275395128734051,2.1909155630517234,-2.462655745755251,2.88469426050902,1.0511775133339365,-3.5373637597628824,3.820073543435401,4.4499842373816225,-0.6765899432078865,-1.4323333046584361,0.8652949248215136,-1.3883652358487764,-0.393815981739606,759.0817981060052,0.19806692151325123,4.474018391221762,0.0010325700277462602,-8.783490590610175e-07,100.50284576416016,0.06252077221870422,0.24617882072925568,0.6708704233169556,0.08295069634914398,3233.792013490888,5020.659158384112,0.6082365809480788
-426.1634661690308,137.9194429812793,58.77101096438933,69.91251890813945,33.79084438914707,-15.422419871797572,-6.4677792956156175,-20.33182662811049,3.694033106892743,-39.203894097570085,-3.4352658734324653,12.34065705446994,-21.322229255881883,-13.707852971339403,-17.934743191572075,-0.5325986895055601,-20.58253290304909,13.418510154261124,5.216883801238883,-7.274389135459749,-0.08315858801876422,-0.6041742821713267,3.413144233506707,2.9909925477122083,-4.031637159570668,5.046581115709253,6.490983317112617,-2.246306734213533,-0.06975744165768201,1.5485129095815495,-1.8877108541136407,0.4154666462361965,643.6251462871345,0.17606194666621813,2.8679581256583333,0.0006318050436675549,-8.643265516283666e-07,95.86101531982422,0.03112803027033806,0.18244172632694244,0.7117856740951538,0.10577266663312912,4154.409508656355,2406.711585093645,0.366814078067578
-408.39684667756234,136.918395715761,33.22429585764226,67.03801790741717,37.980363426069374,-16.146899739300412,-11.335386159422878,2.0183975446580145,0.7744243594800776,-12.691880276533503,-6.944567591942736,-0.9559431982306854,-17.23207117000574,-15.728127690663438,-16.045831263556668,0.7814556553376426,-14.998518218135816,10.321036377624072,3.4682945901199163,-7.010033029747628,0.30807748329225326,-1.1492668617894455,2.473427322492764,3.781884274258555,-3.843636882462072,4.665868022228277,6.1007762252603905,-3.7921629428582175,0.6586811059835987,1.6772314728809872,-2.067287569969484,0.22900381859092928,627.8307821591927,0.15539904320412048,2.6060203416273,0.0010555725311860442,-9.45573785069177e-07,94.33834075927734,0.039315495640039444,0.1875925213098526,0.6731989979743958,0.13920854032039642,3983.703426108013,1764.810245766987,0.3070028787443688
-489.35086417861237,184.75428639292844,63.25430051427369,43.65261133588513,30.749631969644103,-16.82599292735464,10.656413952642627,-7.03128187633088,-17.670006685862027,-9.090182821893393,18.2293809434589,-15.264608830187585,-28.097435131563056,1.140293861224425,-24.03120291968569,1.259243775836909,-5.256507425497716,6.92296477923093,-0.43503001823985493,-7.057378347566654,2.1037051935740045,-2.4983087251703164,0.5509704235711657,2.24395305011954,-0.9465706357485233,2.1450098919279976,4.720904252752041,-3.9905365453740402,0.6712332475737659,3.2581631918887894,-2.1042762266109825,-1.0620496237109052,422.8444671091893,0.1824175229985471,2.2313798191025853,0.00011462144902907312,-9.373982189912326e-07,93.97298431396484,0.09841984510421753,0.22595877945423126,0.6211680173873901,0.15287306904792786,2742.635706035232,2953.452184589768,0.5185053744431781
-495.7239903995016,182.74350414203093,60.665638227518926,40.101082273978406,30.164294617909338,-13.649410775300023,17.034356774277914,-1.851976503665262,-23.239167527912894,-15.445803759858102,19.054932075625157,-15.113619388605757,-19.108049211428874,8.046189779097048,-15.639521755511963,-0.9230034906413507,1.2207949599254455,3.3066914052721796,-4.0367676489885,-4.710323180243149,2.777525975172423,-1.8302058121651463,-0.32624271338941735,0.6169954081367431,-0.44558825856667766,0.5795098138551366,2.925724689583672,-4.022935037413497,0.870420964962191,3.1679535138262818,-0.483788165276678,-1.4575685914680103,420.1827704466268,0.22134079485167013,1.933007120154798,0.0001234115188708529,-9.413027739841411e-07,95.48524475097656,0.021687021479010582,0.30486366152763367,0.5359240174293518,0.15921230614185333,2661.9356036108447,3120.4218182641553,0.5396452675961217
-487.443444844099,182.37789942681715,55.42533390471201,45.06755147352215,24.139038899625504,-19.22876336846248,14.204749189545598,3.7575786332550565,-17.11869033091189,-19.00568727606702,21.99792200439498,-17.489422530406948,-22.05005819864732,-3.335425257846511,-16.502406850334765,7.580087487673966,5.060270096825292,1.0371936551698253,-4.608102297881687,-1.928397338368423,0.24978025957969915,-1.3589911724997408,0.1569196409351043,0.4778952468842402,-0.651277241515261,-0.8807023530633141,1.8772978882360825,-3.7568312340176266,1.0770249802920244,1.9939946179785377,-0.4684252422102518,-1.3768195274907478,427.5725797062478,0.11148187515982827,1.9316931441426277,0.0001488529669586569,-9.319047478498161e-07,99.31278228759766,0.011887028813362122,0.264422744512558,0.6583177447319031,0.07725943624973297,3518.0187594663694,2472.6130764711306,0.41274662576292015
-431.1440896661314,140.30978777155542,39.46523563282547,53.739804916341576,36.07282616876472,-14.795966147812498,-5.607509550305048,3.1506924166346093,-5.621507440553455,-16.77699125530663,1.3889672330016554,-20.52834681559696,-16.90066593336548,-6.701469691452589,-18.848673945872513,-5.010497966299269,4.93778305730149,-0.35587168167907,-3.411569863438827,0.3332571335448405,-0.8735058167613785,-1.4471712100667957,0.6559306002408346,-1.1409125997643759,-1.0670546779921442,-2.1885207721128133,0.856112719962619,-2.0833789406035508,1.4471325741143382,1.3005645330909088,-1.476066846690181,-0.8425457692997946,635.4126158107343,0.18667786736120504,2.216219510883093,0.0009866597829386592,-8.074245307927473e-07,102.03999328613281,0.04555448889732361,0.19826653599739075,0.632318377494812,0.16941490769386292,4188.407596819705,1856.4766805240452,0.3071153384163411
-379.55441629861286,151.64462050101514,13.569138747175764,35.7913897495708,58.71621528954943,-27.236277757669217,-26.1645350532073,-2.339142119533383,20.20505878366758,-37.89666989678656,10.369501160806042,-19.185568414528063,-11.561553888479974,19.004482100000633,-23.535333009468793,-19.560028828984187,4.199723465052735,-2.151656863794891,-2.9441665501316248,1.659072105750997,-1.9738892097393883,-1.338589285178573,0.8730903154978398,-0.49007801999741274,-1.238328430193343,-1.7708461719312887,-0.9055985719082573,-1.0299437666371896,2.0471858064714965,-0.20452653892413541,-1.4828038609983882,-0.11346277274935215,876.0624426845122,0.19653835415235663,2.5259291119873524,0.0014957000967115164,-8.450685951096253e-07,102.67488861083984,0.047129299491643906,0.18920022249221802,0.6296324133872986,0.1811673790216446,3894.360809537917,1406.7138974933332,0.2653639073653298
-391.05675238628146,154.41735560898263,12.338688625700936,42.606401048639825,49.753783333742746,-21.89369182099142,-13.161127549123918,-11.093066888072512,-7.746574934283515,-20.15433766508989,10.946991734082603,-25.193987112836894,-19.297010151652312,-1.7021771799225311,-13.591277115066983,-11.948391357894499,0.7785942465442882,-1.8137404111335882,-1.8933836095917205,-1.9530467520209187,-4.4072745606398485,1.1706166031337772,2.985494406700208,-1.0975785025274347,-0.4548809270538813,-1.5645356053484822,-2.332124029844014,0.22736401869288653,2.205893393593939,0.86340158727783,-1.1068277207346249,0.10980255249147139,690.8094788013841,0.16519351951316216,2.4087792048230767,0.001071467064321041,-8.745231010626955e-07,103.0918197631836,0.042626190930604935,0.21762850880622864,0.613574206829071,0.16879737377166748,2395.59028104136,1859.52153536489,0.4370088532562678
-434.30768455845447,167.516389927486,35.45636345234239,59.8312016092625,13.247058804421007,-26.005412139740017,21.32626244475744,-6.92653670877271,-23.026323802118146,-32.08154594079378,19.651964057572066,-22.51911687092175,-12.437936756323987,0.4374241635322731,-26.247684343611425,-0.2059964206176308,1.9454363140384217,1.642031578156349,-1.8224922810858095,-4.333451085705823,-6.767411199276811,2.779183378953024,4.879839297074677,-3.192454510255919,-1.0423141886163683,-1.288976793608185,-1.804547462445897,2.265528464173243,1.8778591188353357,1.5152713666334696,-0.35246298503985507,-0.19753437498432802,578.0526236439982,0.15613834670735513,2.0169139271602035,0.00040522703784517944,-9.014103996493582e-07,102.9400405883789,0.058061085641384125,0.22612960636615753,0.5778902769088745,0.19598013162612915,2019.0875450594926,1973.3316443936324,0.4942696522465959
-454.9183616761401,166.35513683763145,37.52672429280141,60.96931324921388,19.565667593168335,-24.845884360865924,15.691249697492678,-9.029124947075506,-28.29139154866956,-21.19915691125462,11.791261253580185,-21.30152594358747,-9.79735194715009,3.5966992190173066,-35.790363676404056,1.5399222759727458,3.6855341167045412,3.2000284299595743,-2.3741369036696436,-4.699281271581438,-8.584260304986463,4.071335036897226,5.037823593766621,-4.8801156340666205,-0.5161106006824064,0.4953336262448629,-0.5033394076974222,2.861414803941395,0.7862287225700189,0.9261814169770568,0.9147388023485532,0.9683997359938123,560.377524764802,0.21028562296108216,1.2248534392565489,0.00035443014348857105,-9.098045695149632e-07,101.30640411376953,0.046530406922101974,0.21354404091835022,0.48488086462020874,0.3015751540660858,1915.749157988504,1941.097521698996,0.5032861513323814
-493.5489482081273,168.67457170461347,53.21210969130341,48.28904558977874,11.116014848466783,-23.344721211925304,23.087746864797943,-0.09659334654371954,-28.970681514159025,-23.95559460250613,8.876628329509993,-22.391578168941756,-8.579645649289663,-1.7267341411497057,-27.601839855055495,3.337623161680662,6.796234104476026,0.6111800938300234,-2.2347041298212447,-3.6761058557230384,-7.492354175667755,5.130506552804717,3.1858023599877336,-5.752062130240341,0.8694688170565572,2.515536478486681,-1.1066262195590602,2.265609413996632,0.9585053167769558,-0.09480195633465038,2.0379591158122374,1.530375013018238,537.1455798701088,0.18236196913447256,0.42242390010505915,0.00041512431926093996,-8.488920032447909e-07,105.23765563964844,0.026363518089056015,0.2536753714084625,0.47137773036956787,0.27494701743125916,1716.4991465383735,1857.8316640085015,0.5197704864156801
-453.89049610835133,148.82427687702415,29.42225173741994,-1.2354467248868894,-6.556687344239032,11.714049356348163,32.63244561995171,-8.188267727562804,0.9693996542187309,-34.444105506280195,-13.607720850352083,-6.806565701217679,0.5449810043152694,19.283375279624035,-14.768430114189353,-4.2078351820019515,4.689302441956397,-0.0026360131448415203,-1.5155456896196806,-4.187083133586415,-2.651322674688766,4.9242480729163685,0.07199538023966942,-5.430114293253014,2.8841175146899354,2.2669524952911386,-0.558441753178774,1.5934165171617134,0.6883560004081467,0.7199942219893891,2.472120413806922,0.31066960589990356,984.0342272120325,0.17447114548739867,1.750960218720138,0.003964707255363464,-8.800506832074268e-07,103.50396728515625,0.027068205177783966,0.25567880272865295,0.45479241013526917,0.2895287871360779,1628.8341665437417,1989.0628061125083,0.5497842589619526
-368.23942702463586,189.12308536109947,9.501693221140066,10.457667948608677,-14.052864799088898,1.3687455498090348,26.8831369973164,-37.26227878417974,-7.972509178726725,-31.79933632755866,6.712595165995462,6.832058181301719,-10.832275290098565,8.945900534188272,-17.26650943656734,-10.805829629113184,12.61200193103739,-1.1079444922288246,-3.6871423577559175,-5.8234912824265255,-0.17688559872465148,4.6185706470857015,-3.2901591890721984,-4.961237466854059,4.976925598987016,4.1398205689676395,-0.39826955634096717,0.6854218869078584,0.932485372000361,-0.53469637372512,3.6162054670596606,-0.4653777413501514,707.4376187776883,0.15669759701071045,2.3482376290485263,0.0012044061440974474,-8.308716071861375e-07,101.7901611328125,0.02669321931898594,0.2117309719324112,0.3793416917324066,0.40892741084098816,1301.6483694537085,2365.3003610150417,0.6450322965690013
-338.1201320975929,162.70835949758316,-6.076951893292167,27.05734008497592,-9.426272011573982,7.351248604413717,6.8369326287535275,-47.01857501669201,4.898111654765275,-8.806590952531376,11.552745837881126,-6.345940084652987,-16.539762398343633,4.783451083959738,-8.902094212898106,-1.8063343098161897,16.350464374049693,-0.9862965317480831,-5.226860497572314,-4.859763519470905,-1.6749159096074433,5.147921947247237,-3.2998318177635477,-3.830407725911805,6.176844738941654,4.090515975599269,0.40915545512861207,0.04959725887933736,0.671523040875927,-1.1987564447799437,3.809348098207312,-0.8037254595891838,897.1958187385706,0.16634200424559734,1.3852019654586911,0.0031504149083048105,-8.090786529798933e-07,99.42866516113281,0.14062848687171936,0.20517757534980774,0.322764128446579,0.47205835580825806,968.9990897316989,2333.009211049551,0.7065425033903049
-350.60446510684545,148.17343626536018,8.863760443548463,32.54955446032528,10.896494699627477,4.9605529412696185,-0.38978104369362454,-46.71828624384851,8.921470985311554,-5.504300411766413,6.135222261342625,-17.636790062420708,-2.6403239227862025,4.542324356589491,-6.228904292987619,2.525909548972101,16.45894206434868,-0.8639511173205261,-6.1836639976921175,-2.81991918068251,-1.8163831387868634,4.3659228303681346,-2.408140502118264,-2.636214248577711,6.395011446647943,4.0664176544582125,0.5951894957490622,-0.8863416252322557,0.5669518589256887,-1.951911426204811,3.0570218955971145,-0.7882396451391123,958.7809744984648,0.17571366603082325,0.5784799689427018,0.005181407555937767,-8.201356384183581e-07,93.56864929199219,0.05820262432098389,0.21387945115566254,0.3399738073348999,0.44614657759666443,990.9737347428202,1902.9596148665548,0.6575685701688387
-473.2211254307888,165.59629091430702,42.27939774858881,26.675220398958032,32.5350560062665,6.468622288923439,7.68414677204939,-34.414822741343585,-10.289952990082272,-10.318331930591842,13.368187782301238,-19.73818647881509,-12.385517134884454,2.7575264038196803,-7.5515232823060385,-4.128285255995315,11.536024289072445,-2.3688646999565113,-3.32361918174035,-1.3876903751070055,-1.5358942340829393,3.2328661145025572,-2.902535261105363,1.7217178053014688,3.8679264529818065,5.028232189675402,0.39476398573405996,-1.711167295846884,0.5185727648431414,-3.1059358907208647,3.1896372932908506,-1.415738167554486,682.9089071512196,0.18758160600815407,0.9963192595168948,0.0009068141225725412,-8.658686829538667e-07,88.6945571899414,0.09213148057460785,0.16367851197719574,0.3023209273815155,0.5340005159378052,808.5163361000876,1747.8420623374122,0.683723402558002
-331.81541533023767,158.24590405103385,7.6336985257186,-1.004049127182433,1.6938897549809988,6.725330690589609,-3.833155995197724,-29.287402094947815,18.198227013874664,6.220118124416645,7.575812177942149,-15.902843623284856,4.791992701895195,-6.463190030899831,-5.336784389646798,-3.130025303586014,4.025362507813993,-3.4295689550879676,-2.7016400185501714,-1.962032444280367,-1.9405738358751643,3.2349257502968167,-1.291295875081084,4.131469914664779,4.683919688633085,3.756517926539656,-1.4019620646533704,-1.7824582750003375,1.3683058119301938,-1.7317021840410074,2.6418809699261883,-1.629723929717755,1030.039942884893,0.1818118453101391,1.448957808315754,0.00774793466553092,-7.85304303974852e-07,81.03115844726562,0.01735013537108898,0.1788720190525055,0.37398067116737366,0.44714727997779846,1190.9905390336476,1426.5180058882274,0.5449907732510592
-325.7049715420409,161.23359485688832,-12.961464607781219,5.564376305019576,-24.27468878076084,31.545167606803652,5.676828510239891,-29.114854902641902,30.390779420570894,-1.1098475892499327,5.560594104021791,-12.84109551991077,-5.33597386962806,-1.4684870530673733,-1.716788504187503,-9.037933026439642,-0.2665593970461206,-0.23232583861134948,-1.7556504062970069,-1.1939060917413498,-1.9171450323406183,0.6458339848507496,-0.48470382186111227,4.780931289620914,4.608750848041583,1.2116958593274398,-2.0183478361665266,-0.26866234506899395,2.4742162141920407,-0.838444442667806,0.9411333011111861,-1.747972959308055,1086.8844127756652,0.16197207153152296,1.2716883439570665,0.006762966513633728,-7.585131435283644e-07,79.7237548828125,0.015851613134145737,0.1544090360403061,0.3670862913131714,0.47850462794303894,1687.6860054716321,668.8481742158679,0.2838270626333813
-327.24071818153016,161.12492426075931,-18.91015307793698,6.716779066511278,-21.204940437439884,24.813146564237357,22.328695125740957,-31.08324310735312,35.60010342570716,-6.591815204878193,2.542765557887146,-16.445292682571953,-4.515346921808514,-7.230482332124236,2.162252115291526,-8.120812558296556,-5.749762022358219,0.41223366265483885,0.6061878296905145,1.397989812741396,-1.0775203468240857,-1.0927427534214362,-1.0538296306261634,4.006046210671159,4.178102962794416,-0.11373495488074509,-1.6969948984032843,0.5076348648671942,2.518438646372584,-0.22599718114829942,-0.6469743475879266,-0.6935175835079007,1131.5092310999414,0.23520230450018303,0.750374510884285,0.007766022812575102,-7.723728402069824e-07,79.29647827148438,0.01976332999765873,0.15402734279632568,0.368367463350296,0.4776052236557007,1561.672968356393,365.4476371123569,0.1896340250191378
-322.504006126522,132.5091925768606,4.626620572324474,-0.11025290306381041,-14.506184505964825,30.0855863745403,-6.048856095814294,-0.3063584999109795,11.243314105576804,15.29426018115398,-1.92296047048016,-12.201970883170747,-3.8740972197832892,-9.29602826606866,14.688875291088742,-22.427887426980448,-9.076429071692388,-1.3938186130234527,3.2377792004865587,5.850751764027367,1.4210649683272036,-3.4798125276021334,-1.8645594311854365,2.2412447017133093,3.746838682745487,-2.1849198592516568,-1.9059297679230305,1.3609067647279527,2.7398632388071933,0.14411096148739938,-1.5074319630653357,0.5019768077633975,1375.0489261547652,0.24146460624995303,0.8219919512048364,0.01882140524685383,-7.204137216598915e-07,79.25959014892578,0.030613694339990616,0.22934266924858093,0.26956653594970703,0.5010907649993896,781.8805074571192,992.6063089491308,0.5593765475019928
-368.1319958205738,154.943856241977,-11.35341405648974,19.596974745824596,-9.0983842011327,16.646445335712404,6.320631895261094,-19.466905979716966,34.01788498979978,4.714430531492569,-0.46192930123652354,-17.832814274465477,-0.6318113118688629,0.4728839946730927,-0.9857839143338729,-13.23475074076089,-18.78574844421388,-1.6590938802004875,6.95525343391747,10.235025847878092,5.203977798769644,-5.391515539548595,-1.573904776083773,1.377667923723239,0.9326981027097696,-4.879065223791462,-1.5697758881797717,1.9241049158020331,1.6079931691193754,0.4776520149299883,-2.241315832026066,0.9110384829318532,1016.3922746254077,0.1708321641759652,0.5147419702261686,0.005807086359709501,-8.038142080309887e-07,79.55050659179688,0.07559336721897125,0.2083875834941864,0.40738487243652344,0.384227454662323,856.6218542380482,1224.8830285744518,0.5884603195931047
-405.47510895729874,169.96945105224216,8.213524376327461,30.32571309731869,6.05803948310778,-8.056096929877505,-5.140395749682022,-12.34841273809196,40.08996122123517,-7.898513993613227,-4.870772251277955,-13.861352634654718,17.138221304724304,1.4774651256302234,-11.712393393152603,-5.80793558296706,-18.395006927392203,-1.6670112295261745,7.431941848687129,11.395416106623978,7.196563140563078,-6.956088384476837,-2.782178339266334,1.1535915545011326,-0.3753841784105518,-5.834800402341133,-1.1696182472920897,2.0956127464542784,1.9523408202028096,0.1676844065429848,-2.970911914161949,1.1752260429848005,812.4957063845311,0.17326554688598056,0.5788356689736247,0.002969712484627962,-8.279747199149974e-07,85.16632843017578,0.026070021092891693,0.2969752252101898,0.5084530115127563,0.19457192718982697,966.8580362451589,1087.802852426716,0.5294318193450734
-470.3023589060479,159.90919557626677,48.60251791417995,41.89967749319305,17.545462798993086,-5.132710960446773,-8.724291405503372,-15.289772744518016,30.685117109525653,-12.373371333850491,0.24927819369258697,-13.624688306127773,15.339884787516816,0.6012608884709516,-19.089783110147117,1.7827348603050444,-16.952875946009296,-1.471859204468287,7.818136902291253,8.858366024665202,6.982755258446717,-3.832230064094764,-4.306697737810374,0.9824852312678715,-1.8670506042554702,-5.752385148199815,-0.1470592307346633,2.505964762928963,-0.4699855765062917,0.6618404992932729,-1.803398276279887,0.7376184402485984,657.2513497873539,0.20482850722392482,0.8437138721346855,0.001131501398049295,-8.69710228250002e-07,87.99771118164062,0.002456184010952711,0.25728005170822144,0.5609936714172363,0.181726336479187,1574.9672254582551,601.6733995417449,0.2764229393824462
-455.394465706927,140.6188819820492,47.642791967125014,66.65798457810902,23.76934755715437,-14.992726811359447,-7.205265200421987,-22.581679592650318,32.093423388006485,-28.579240957577372,-3.7590013559262467,-0.17619254041825871,8.593530893346122,-3.7779650344455495,-14.06344223602193,-0.6197174385828563,-19.269318904810255,0.6218364021457833,7.2504548013219035,5.767984304092081,5.513053463265407,-1.491475626516432,-1.5662051408295956,-0.0544562491434638,-3.8451648317940403,-6.1937658147386445,1.216644705830686,2.0598416260045838,-2.0603067342888326,0.31140421022125064,-1.4048013771639694,0.8494236324500153,749.5871045245925,0.23148948264139865,0.9693568777292967,0.0015167453093454242,-8.639369681510546e-07,89.465087890625,0.002360608661547303,0.24375857412815094,0.5795435905456543,0.17669792473316193,1700.1040290125984,340.2680412999016,0.16676764314255033
-424.06092529982817,140.06333022755678,31.856246156241724,81.5006916727353,19.20427186760459,-14.735632000570448,-2.480779174368802,-18.408486343465235,26.157546958120676,-37.67484359803173,-7.097432922496662,2.464596128775151,3.284066180665617,-4.1755462791386915,-12.470196787382296,-4.884871420804959,-23.567259381401424,-3.03289309102676,6.953457115675547,1.6719237604185706,4.517490904503275,2.385290501538696,-0.08646495644878481,2.2045054484775806,-6.182330793739104,-2.911952328866199,0.6426814352945244,1.2578611426583526,-3.268801912925556,0.09490898166905043,1.1160916724912437,0.12276020578484745,791.104910460778,0.17908095212122152,0.8127147406339645,0.0015930092195048928,-8.311063656735028e-07,90.37336730957031,0.013431553728878498,0.25123438239097595,0.5534027814865112,0.19536316394805908,1020.7856734082429,537.2168900683196,0.34481130048307596
-437.0270995526293,146.72844240273088,23.945795006823957,81.44788902228264,27.568121317310894,-15.150628569753351,-13.10930547617783,-11.223671920470895,22.25007142395617,-39.1108812938003,-4.013312176080932,-2.6542415950675973,7.872840525147351,-4.035548833922782,-16.403971977102703,-8.494954629251623,-26.441407880969212,-5.12657216262704,3.9342112312061586,-1.5585024030593586,2.3643126239007506,5.051779312260955,2.1052114916694546,2.4719524037664167,-6.5747155094252,-0.22140070177084425,0.35295304802768357,0.3420632460196155,-3.986558370548941,0.12335669019075048,2.230438712430081,0.34804644008386854,729.9788742160067,0.1908885938564785,0.8762173606082797,0.0014724795473739505,-8.263481911818935e-07,89.8043441772461,0.04190586134791374,0.25595754384994507,0.5387771129608154,0.20526516437530518,441.3143911725057,519.8610238665568,0.54085967632186
-455.1972333750548,143.16050409909067,52.41037262649205,38.38873665882652,33.40150401892378,18.682052949548062,-32.05951100864205,-6.128872677401387,5.268579847237314,-25.708917515906514,4.9444499628599194,0.4133865701056936,-20.197100021523568,2.389838260090283,4.760882069478358,-12.978229748938222,-19.360114766640827,-1.1617331847027645,1.9362013044320305,-3.846443153385646,0.07861677912724158,3.42853586684292,2.83279855578861,2.3259790372848643,-5.318943553541611,1.1501381393676782,0.05517868659072106,-0.8875751032083847,-3.5145138318132356,0.13312742559914664,2.1122051292763877,-0.029100346412688476,681.3215880573505,0.20799420397313084,0.5169239118695259,0.0015135395806282759,-9.089320321478369e-07,88.77186584472656,0.14691592752933502,0.2412654459476471,0.6119306087493896,0.14680400490760803,321.10771401732717,520.7627693811103,0.6185782488523778
-542.0292246367047,167.25622337814525,61.881035204152965,36.85434871619839,25.144958093719453,12.134742346385927,1.666750775133404,-10.909419222873352,-14.820342077921186,-32.8631642882375,13.679873410356596,-4.614873755049673,-12.458086660373462,-2.11197204013388,-10.002252142946125,-6.8685125906774385,-15.304013620685105,2.8757875201232483,3.1785855562305754,-6.341979126860604,-1.3873083696340978,1.4375009000651342,3.6240219070782342,2.5769058570859014,-3.8853022741307255,2.3222373123304734,0.0977984262026673,-2.2834835080007125,-2.810096455731213,0.42119862191866253,1.1114920567592188,0.6992079219436764,474.9783718687468,0.15633290794728244,0.0788944298401475,0.00032978475792333484,-9.244773218157264e-07,84.10001373291016,0.14041924476623535,0.3464406430721283,0.5622441172599792,0.09131515771150589,272.0895286795423,714.3751319649889,0.7241771149695663
-631.3697040861116,118.33233626556591,56.71813144169354,37.83734874408324,35.471076358453175,25.41476688619631,13.061917525426054,5.101478659429605,-2.3652428197627398,-10.940683505448462,-7.0187001975895695,-12.29928146874838,-9.517944035358976,3.758703858091568,3.132785080837372,-1.2486232959165664,-10.438189968987746,4.725232947157092,4.711938393834972,-6.138118334015732,-2.534006876052327,-1.9739083506676203,4.106941417702695,2.543193250976954,-2.5833106580021243,2.5114853973252536,0.7983315754067596,-3.298927001856301,-2.190632388199708,1.2227889102430414,0.6685395505818006,1.4675448730255458,696.3881229153534,0.17220422946949168,0.014299016445875168,0.0016167646972462535,-8.480715541165717e-07,110.73210144042969,0.34709540009498596,0.1490456908941269,0.6157772541046143,0.23517698049545288,54.509326002620405,1146.0719728255046,0.9545975553210546
-630.1942618030936,110.16054892993073,48.88232946270807,35.6747302976932,23.841405365911626,22.891828552652164,13.056794897953338,0.5314011640391176,-5.063876962491823,-13.143560246678653,-5.855400841881657,-6.99231607541196,-7.6206823089458595,-1.5146093806870624,-1.2611036106928317,6.834016793537784,-1.5922255089342685,5.023166548361297,4.767132678536609,-3.990912841178342,-3.7241894270515297,-4.725406823084814,5.160028113093518,2.147835227582313,-1.1029451676383002,1.9907197114451993,0.9821025597696237,-4.083596934778884,-1.1755496358576139,1.6887620242245263,-0.694597868040405,2.2782051005403092,853.8802294050886,0.2601951334961224,0.34354719147086143,0.002967527834698558,-8.610747130562153e-07,90.85873413085938,0.02129245549440384,0.2832253575325012,0.5506176948547363,0.16615694761276245,857.9950898103734,671.9081084318141,0.43918341317530163
-499.6993126693747,171.060499331956,54.80113166691494,40.42052744356735,11.143059689807332,-9.014631653229898,7.10577944481904,-9.56844342860895,2.2979373336863014,-21.627069074191702,-1.8134046520429685,-13.954125364250977,-13.733425883570215,-3.547363734923072,-6.410381032647113,-6.468805582063506,6.161249381610066,5.0268003026900505,3.568394695100003,-1.334104477608455,-4.2604329188689825,-7.186913830411945,4.752457606048074,2.3149504147059106,1.0881939315322058,1.4055234874305191,1.6609407970757215,-4.108779096587983,-0.1817560980322382,1.6484033798004276,-1.8949261781571836,2.254227078473086,528.146594590362,0.23045520329097388,0.8692788584157825,0.0005992789519950747,-9.175494969612082e-07,88.97962951660156,0.044507503509521484,0.27592912316322327,0.5626941919326782,0.16137667000293732,1067.2676155036584,713.8212516838416,0.4007780099209928
-487.59918068704724,184.99880665037978,64.56770424583628,25.362847188056488,10.351596036808138,-18.425370616252682,15.601737120778015,0.7567517010332274,7.274026354345413,-22.45723119167564,-2.343214292713772,-16.767199790773642,-15.717824473939729,0.4661912600544911,-9.10033313672973,0.45946468686607644,12.628554175624876,3.9288599649623333,3.0069816444236186,-1.167319832696946,-4.370773279624664,-5.42052880040923,2.0753340883703144,2.6312559897695715,2.08259870198296,1.3633303501669805,2.276044943504064,-3.8398572213828492,-0.4948819156593177,1.819710069290002,-1.7749458540504972,1.6929743160261799,504.704623619485,0.19966390290516786,0.8071345537900925,0.00042059991392306983,-9.114035970961726e-07,87.48429107666016,0.047819215804338455,0.2479938566684723,0.5680375695228577,0.18396849930286407,1071.8216907964575,606.91402697698,0.361530418726034
-498.4124150450737,182.56297224479744,74.12318704965682,30.771707250424825,5.561673033706948,-30.729129975887822,15.159903886019189,9.613674983936637,-2.313874131784949,-19.46362544599355,11.88771316659037,-28.6564737050209,-16.323609049848258,13.609242636668947,-4.519488240935607,3.7321427579987834,9.528939348209738,3.456716557649202,2.3578983341117628,-0.8610110888991668,-2.974633943013971,-3.2532221411378095,1.127695294152658,2.0829332772835416,1.5586546246423358,0.6755443961097762,2.588928777407098,-2.8435928551188088,0.37839991372078907,1.6882342103075296,-1.4834194705151225,0.8835136065444407,545.9595321773123,0.20270365140214927,0.6164696794003248,0.00041218753904104233,-9.054379262151128e-07,85.67352294921875,0.03202652931213379,0.25370022654533386,0.5562506914138794,0.19004885852336884,755.4624767031255,498.1505604062495,0.39737187286668824
-488.63171576314215,170.47075711615545,78.30408979035249,32.39692455010871,6.063838346067711,-25.085937605772767,23.398096396558444,7.021340807316623,-0.8202448608471986,-16.465424830652157,12.22099878281412,-35.61592641866825,-9.981782872637393,13.418763495170584,-17.927830239635377,10.786399431415225,-3.258492191878208,-1.168428270804021,0.31132833190793446,-0.8703202563607139,-0.45397745235704356,0.7413405057096771,1.353452327990665,3.1946466936426745,1.911030129959425,2.167109943551733,0.3129791073757011,-1.4683093800036617,1.2148606389450693,1.2525195223448549,0.20663091484630544,0.526851506975616,596.8871642943213,0.19444640602319005,0.5529189519584179,0.0006037848070263863,-8.809464195489313e-07,84.61009979248047,0.007792554795742035,0.30375900864601135,0.515360951423645,0.18087998032569885,462.2783035080028,394.7120529373097,0.460579340209294
-504.95403910560634,165.32672591620573,80.99513061357874,27.831029143505347,2.133004041276865,-22.804896319243788,21.243615130007534,12.834877724042745,7.981255734216701,-10.334481091115947,20.621464570270646,-27.345193334023424,-19.353551284316083,10.047367756144261,-11.932882987966732,6.6972474112988145,-18.03730372533643,-8.389541158466242,-2.726293528920252,-1.0654098207221165,1.4791264709678928,4.67179360401631,0.5921421089643689,2.4886678545764425,0.46164741114953833,2.380533989022713,-1.2661782408993196,1.4804956819522395,2.7399233978258577,0.579891372251071,1.2561380748629754,0.2663719144777184,609.5540182519471,0.16711423973328035,0.38902458269149065,0.0006865957984700799,-8.921581701921526e-07,84.27820587158203,0.03617093339562416,0.36435890197753906,0.4821051359176636,0.15353593230247498,278.0652544102014,241.99303416401733,0.4653190603450635
-518.5156581637616,157.91260829327766,69.23661648208565,30.900398848255506,-5.128956688821198,-3.590934595795465,19.476307037649413,14.71887190043521,7.689901351884128,-11.747789461544965,14.62694472001615,-32.94090592001548,-10.676513885130118,8.711343044849787,-17.4665487855571,8.040270715349424,-24.139871003104204,-12.615864376532548,-5.7682966950152785,-1.2025190135718915,2.2194612501628423,6.116376191141382,-1.3442265844791343,0.2666395388897312,-0.21984162199922222,2.2008250736530353,-2.4790144717072606,3.3461718559127935,2.4836261706169362,-1.6407059429411768,1.063093540079269,-1.1842029493203188,634.9736096823715,0.22832957572560678,0.18192639108747244,0.0008134433883242309,-8.749019296100816e-07,84.68589782714844,0.0245840884745121,0.4766232669353485,0.3959185481071472,0.1274581402540207,118.13014881077301,142.8033228689145,0.5472786681971361
-569.309069605325,140.86793919922496,60.289795329375835,33.03916080719197,18.156306001243575,5.038781210851866,16.144705171404507,12.937066913488954,10.631151417623283,-8.99859123444584,1.5949844120547454,-24.08401627021798,-0.17401934736159608,11.377243889239175,-1.9962978423550364,1.9346301780728603,-26.828289087011328,-14.446627573755226,-7.393565185319951,-1.6638523124790312,3.165770690691116,6.303075952586398,-2.899440711078727,-1.5809904929848586,-0.32109544275723384,1.7798757373425005,-3.5876887487159013,4.946790212096622,2.279814652172609,-2.774527166234116,1.5530632720152595,-1.2776272599623297,668.9930629911032,0.18769696945579445,0.07175540924072266,0.0007532519521191716,-8.924655827259491e-07,82.31155395507812,0.023907601833343506,0.4514158368110657,0.3683611750602722,0.18022292852401733,30.26177468249153,62.811833715945966,0.6748619162486499
-609.7706822258136,133.1307057281177,45.383314685376256,26.122345126194396,20.369252457900984,14.073600065846371,23.12117275344142,23.78560802737827,14.569944458677043,2.254723573003196,-14.385523386604461,-13.660505624120079,-1.3304973627141385,2.8476205640975945,4.564254230454159,3.9025334005030636,-26.783254999916526,-14.135714147921309,-7.394625783130246,-2.103204680491481,2.644878727995315,4.830544039640678,-3.78704034516496,-2.232693648772343,-0.8301735824456756,1.429697945421067,-3.659877436784051,5.318405614009055,2.1951982080604964,-2.5837139282402757,1.5446996182401074,-2.0723169324148256,603.0058530712267,0.23821137017134708,0.008681295439600945,0.0011254148557782173,-8.41739433658796e-07,83.53064727783203,0.08485014736652374,0.37482377886772156,0.39402371644973755,0.23115253448486328,4.718403283376902,11.113397177438529,0.7019667286070711
-635.7109295150658,108.10551137516467,37.4785850906634,23.110161326211905,22.31759671346,13.430338049576255,10.836381051821617,6.9038534072230915,-4.849339405206299,-10.8649512604108,-7.2294685521474324,2.968305397977783,8.673817652278297,5.6577893571057505,0.8063340020997396,-3.470239931146058,-23.353144092231535,-13.533739471143294,-7.183621062661486,-2.6084977645853065,2.183231986711918,3.3269440691635452,-3.7598861248575663,-3.2188363192178433,-1.256407366649534,1.1985400011320761,-3.3694031373389826,3.752482282745664,1.1345034721374525,-2.7341697259060225,0.5079349756868583,-1.9589067730123566,1084.329125915489,0.24150937956130486,0.0011513624340295792,0.009233751334249973,-7.088987867231805e-07,64.68701171875,0.17343689501285553,0.23853908479213715,0.4434812068939209,0.317979633808136,0.9708203009923226,1.33990634161632,0.579863631166542
-670.0651190248508,76.3886590278803,27.163426663391043,14.906478223673314,19.918039483527657,13.659983013436467,0.09416979044845086,-1.618969940478024,-2.4795676011906767,-5.587907392062393,-7.130663955006047,-2.086210942556222,-6.33202768048086,-13.227705492127994,-10.878485239264908,-7.269205212317502,-18.363762398520105,-11.742083869384794,-5.693363832842262,-2.9000141745301415,0.827837862781626,0.11261880398854003,-4.358464985048254,-3.250193616421403,-0.8343984257272798,0.8836909811850893,-2.1737490191149056,3.0990439603246154,0.4142660196196566,-2.277519361302521,-0.41394972541488617,-1.9398099279811463,1690.0718770149979,0.26463678668269836,0.00038262177258729935,0.02991839498281479,-5.641002556078653e-07,86.42938232421875,0.2841821610927582,0.1265106052160263,0.5645416378974915,0.30894774198532104,0.6507885856093292,0.6348892050324555,0.49381673204102833
-676.5694976837193,71.231215116486,29.296804825713686,22.48670464722791,26.190733918206604,12.223817998680715,-6.561361215434255,-6.9221212233161875,-1.190526924872573,-4.159020638787985,-6.235287422918813,0.42124342936993076,-1.2138942602777225,-4.363093296661554,1.6121428399793736,4.227615341297418,-11.504292380915034,-9.187084670963655,-4.789430246921441,-2.7087712379028295,-0.2789274030231789,-0.7780641553098908,-4.392821795223767,-3.3110243501338066,-0.4881793300981135,0.9273012116702336,-0.655416449418845,1.109540027997788,-0.388782677913736,-1.5427886735281648,-1.4694599242872601,-1.5040745948916707,1800.0651262011768,0.2849539611406867,0.000462445430457592,0.041244059801101685,-5.510596393302261e-07,87.17253875732422,0.20660744607448578,0.13669869303703308,0.4808957874774933,0.38240545988082886,0.6456261727990287,0.533609762412153,0.45250466550325424
-669.2937514203254,77.95925958583942,32.89784485332304,15.336307897480692,14.129901094071583,10.377339236096944,-1.5356268683383931,-1.9740904167262332,2.5608455790294267,-2.26490201683218,-9.449681195492886,1.1449023131439653,4.957245128006671,-2.129711737306928,-8.910795071253142,-9.44017501116791,-6.079854611964815,-6.137365527015376,-3.2975258480886738,-2.285166312814937,-0.8922824672490329,-1.8282010875844574,-4.39415526025879,-3.351058250321723,-0.26818275702393796,0.32071104763183667,-0.5428475998739315,-0.9792390760499041,-1.0241987381973205,-1.1325895012581848,-1.3318457946172861,-0.6057308931218506,1793.138510954547,0.28689296656958685,0.0004467722028493881,0.040343888103961945,-5.78796940225644e-07,26.30329704284668,0.04611750692129135,0.0,0.12867307662963867,0.8713269829750061,0.4451871212589947,0.7310654822718892,0.6215208196584402
-673.4638073077,71.28951909606391,20.5463606525558,8.456825693419173,16.532929789897864,13.13394521347812,-2.2859423791974605,-6.647206765987168,3.1551542503295846,0.07232578576807014,-9.760691993595124,-11.768518787892992,-12.290998426207144,-10.945386938821766,-8.674209112129269,-7.929577817405665,-1.8744639342034795,-2.673841534270579,-3.140977728183167,-2.3943093755273495,-1.0466626224712816,-1.7716698647758824,-2.887844067975211,-1.594324351018048,0.6172649095577373,0.5566512359084957,-0.7220085282637227,-1.3776996580382381,-1.0238743939026438,-0.8574096465946719,-0.979388374688145,0.10490512078981956,1976.1812318931336,0.28322455949746006,0.0005190009251236916,0.055152446031570435,-5.568556072998574e-07,66.27398681640625,0.13936012983322144,0.08443442732095718,0.45854538679122925,0.4570201337337494,0.4760222710902327,0.5934283457463152,0.5548908349800067
-675.8798642253627,70.7694624656854,21.9319149793308,11.385820349735841,10.657534792140526,-5.823265110338456,-15.39984669741902,-3.0094842065916545,5.870769161185587,-4.712282369417078,-12.178999640332965,-2.457808103370063,3.953267451077491,-3.7155874394982202,-12.131288773065974,-8.91183182003425,1.742641053849304,0.06773443158920611,-3.009753617692919,-1.7554679796239594,-0.30375845964646386,-1.2843079206685868,-1.8517525632001004,-0.66847813859994,0.16355277956463501,-0.4299423732844393,-0.3336383858761486,-0.46475873603663054,-0.10239525203552904,0.1560642938398486,-0.5385977414227487,-0.03438187151892533,1812.6661796753374,0.27749092683163623,0.0003741662949323654,0.03337378054857254,-5.688802415024216e-07,66.8734359741211,0.06519412249326706,0.08224647492170334,0.4289308190345764,0.4888227581977844,0.4137739012422587,0.6975283553419087,0.6276675415794762
-673.607971824203,67.84794758165502,13.069399076659145,10.679196218937978,25.595551264361326,9.259325125726075,-13.888246288600406,-9.767668957373502,4.570492816447204,3.836791530525876,-8.045789108085994,-9.282305211803335,-2.3084932892905163,-1.3150905017279366,-7.268190438912269,-8.2433034370568,2.721598251661125,1.0314994947195604,-2.9023097339499335,-2.1367439312982723,-0.19358676858787782,-0.5311175484131748,-1.0248479494832947,-0.4884455467044676,-0.60863870250068,-0.8608055054638802,-0.3157315018011969,-0.6401011721709473,-0.5064426652942656,-0.24655369942824845,-0.666542542227748,-0.4166622244231165,1854.080087519348,0.2668878065090352,0.00039832480251789093,0.049425795674324036,-5.775733873666115e-07,67.63739776611328,0.3596346378326416,0.05653863027691841,0.48729440569877625,0.4561668634414673,0.34364954360067557,0.8007673846906452,0.6997164799774819
-670.4147696671819,74.0584179542223,19.030683359868952,6.435872939846717,11.57125291376025,-0.7070642968447391,-17.569532110249366,-13.350095435275549,-1.779259737910826,-5.456566923183436,-18.510477982426973,-15.927894672810146,-10.830116753794155,-12.02204767642475,-6.159549603118428,2.2569792266425095,2.113181495445477,0.5906293324328946,-2.3467567405184018,-0.839634822803551,0.8029931145249294,-0.09610566679977736,-0.4821790638199816,0.03683990502641251,-0.7022943001111394,-1.076798534916859,0.0554797060787512,0.2354100240977422,-0.1178489450293626,0.00604664017062953,0.32852563276982094,0.19860137356964624,1832.0763391069097,0.26310550012116224,0.00029158778488636017,0.04495631530880928,-5.461999406726234e-07,20.375202178955078,0.13791730999946594,0.0,0.0843273252248764,0.9156726598739624,0.382727655542388,0.7469409378642893,0.661203597430094
-663.3998852748686,73.23465221380349,7.318661988582811,0.43985075725279865,14.043430206121739,3.1629730837351024,-12.104006048429937,-6.531045422454467,0.1764125745009406,-5.999749069953291,-7.937155501743964,-1.563474750190202,-2.5124375175376947,-9.235131175510745,-12.178403280433265,-2.9379278571250795,2.2943839693455943,0.9684942626415521,-1.1621452597124895,-0.3192369693149355,0.7715008346937544,0.6172967684075528,0.1250742284206099,0.01931024908625685,-1.0071073377114763,-0.655309075637772,1.1003632292002548,1.45244367737003,0.431305731455651,-0.08819580582888033,0.17625083610476808,0.1753391326032552,1971.7341305474597,0.26870041177049764,0.00039901863783597946,0.09073203802108765,-5.098260142965601e-07,20.39563751220703,0.06826110184192657,0.0,0.07090002298355103,0.929099977016449,0.4488762172761423,0.644908472627117,0.5896119031289023
-653.2061622711954,78.71291137314105,7.30355066654664,9.004223794232555,23.485809094434153,7.701854678025731,-12.607606434500065,-5.4713308130021705,0.7647374846894355,-10.001780650968826,-6.757166011939649,0.3457917505190658,-1.4959943613975581,-4.6941188151079185,-10.341669172668265,-8.180921600276935,1.7601656575545206,0.9585886193126258,-0.54914300197621,-0.35802223230857244,0.5023337900519687,1.1134792340169275,0.7605022216161645,0.13483867329045768,-0.4271231275005361,0.13486508476507142,1.5144452189086162,1.4527645378867107,0.10306188203376813,-0.3870658462771685,0.03907284512433053,0.05713270002815152,1786.8794362235349,0.2665209080684706,0.000629945658147335,0.056060124188661575,-6.161343698065986e-07,20.378158569335938,0.11142192035913467,0.0,0.0,1.0,0.3022536915158812,0.8590972739839967,0.7397395787364048
-654.2094504266109,84.34366326579917,12.297036693398955,0.4305830757454016,17.286321650599643,9.970104052534587,-8.178642595238594,-9.098801991271625,-5.571148328939351,-8.046335678841428,-12.319544998003773,-10.315941607716978,-5.164039025755349,-4.916606302158415,-7.05367742571039,-8.254785825027042,-0.026877558433041404,0.06814422292256617,0.2218545397147868,-0.4973506711944477,-0.9835143990940021,-0.14689205693220594,0.4856049096442875,0.27904965786407526,-0.30814726031823164,0.05192326822781277,1.2725932320856692,1.6349933180438139,0.17957593374245936,-0.8824900371910992,-0.2775479020208326,0.16381777231695122,1693.1216437486,0.2574847571763793,0.00038604624569416046,0.036442264914512634,-5.554615428266389e-07,261.0404052734375,0.00407980615273118,0.5767631530761719,0.23010830581188202,0.19312846660614014,0.2142169978718475,0.7868316862483307,0.7860074127562309
-665.9256692638774,71.70969083326645,12.635353143325824,12.5121021618557,22.083647029832267,6.070163221123581,-6.190967855109363,0.8389719971087961,2.2226939105486823,-7.22399965123227,-9.436421066787299,0.25511224713023717,0.6199083655267045,-4.091321755994447,-4.865565934338593,-7.909047406768771,-1.5880693915526727,-0.7952840168920274,1.0424433907496928,0.46960670849158115,-0.09944783933785059,0.052027113996692756,-0.11996006939966469,-0.3389008284269804,0.11808353483733214,1.294736687062325,1.6872300187535052,1.3874577719256767,0.5433702635383304,-0.6021118183670385,-0.8468097154177803,-0.7149709305184575,1819.3006679265336,0.26926062327720757,0.00033296458423137665,0.05353659763932228,-5.482054928531945e-07,21.948326110839844,0.14749333262443542,0.0,0.17180855572223663,0.8281913995742798,0.4109857787154583,0.49367277726903874,0.5457006668463972
-660.5151065364228,75.70028056319964,13.40456749883287,7.305778652605079,20.711833893747738,11.015706283873005,-11.41177135023879,-11.548019821087937,-4.780578110321665,-0.7956553508071129,3.8863724665865025,4.431842701906749,-4.2271508700760245,-12.017747603996769,-10.541465313816765,-3.436362737590964,-3.055239226201458,-1.674283959257323,1.627625921209031,0.4689621409606124,-0.9526996060882674,-0.11435732167532593,0.7337780425523507,0.11690498690185526,-0.31817043411108786,0.4017696296756179,0.3648225953020421,0.2202813986802835,-0.6190951655059518,-1.512591163934763,-0.7820668954053778,0.1452557861769565,1943.1665173838462,0.2665245511695427,0.00042475759983062744,0.07936694473028183,-5.746983885233209e-07,52.625572204589844,0.036775536835193634,0.0,0.16582319140434265,0.8341766595840454,0.3285199092022553,0.6141782118686065,0.6515110173031089
-663.8391872415967,77.65615281669533,15.396465065124884,5.509752349229288,15.78840975172476,4.471241030121222,-12.520292567815606,-6.104235533436849,5.913138845384518,2.1803920793051863,-1.8528736214629875,3.144662284059527,1.8760766845671257,-6.539576485507357,-11.01841323809328,-5.247819035530222,-3.474050464254328,-1.7388187447551353,1.8589702506935146,0.584699908277921,-0.5564564330169925,0.4807860765989593,1.3164237023674723,0.20831641972361004,-0.7010814102791718,-0.14148118878330485,-0.15623955174896162,0.10431592013689595,-0.09052589948298166,-1.1599650368856702,-1.2060432447016163,-0.06984839486691705,1813.9503460453852,0.26587863523887434,0.00029342249035835266,0.053326141089200974,-6.089077286156528e-07,52.71984100341797,0.089047372341156,0.07582122832536697,0.25067463517189026,0.6735040545463562,0.389857884354972,0.6403435507341393,0.6215712082353586
-677.2053346409399,66.68980073890933,14.746977519119172,-0.3964069455975919,4.696306321815386,-0.3462284593248999,-12.341379294704666,-10.085407519002406,-3.707008789851286,-4.40857080743063,-6.692044117977277,-2.0368120089996564,-8.816118367386489,-17.423685503317824,-9.974756035884287,0.023810736182917847,-2.9608584120107886,-1.441491091048628,1.8375424569925025,1.0434476765638034,-0.35713804972321395,0.3295172179554833,1.2615693254718547,0.46394804673930573,-0.46569106872320737,-0.14912339279570522,0.17551853520858546,0.19855043877806358,-0.019310023242759822,-0.590363628418922,-0.755422650581529,0.3736925465053047,2102.9663543745605,0.2687220805180183,0.0003582136705517769,0.08749944716691971,-5.299198212745193e-07,279.1092224121094,0.03802182525396347,0.2629372179508209,0.39437153935432434,0.3426912724971771,0.018071894820996467,0.9599533031617916,0.981522056018321
-676.9887970032648,69.72702126088527,24.772757672564467,14.13560367264494,20.08219984748993,4.059149836518305,-18.42627796113047,-14.83907947159788,0.13271607291136167,4.8673432387138496,-0.6394868003353167,0.15259350600592742,0.1279402747652233,-12.214295045415708,-19.30411176305776,-13.360045730347725,-2.312868719611468,-0.6228229867736536,2.001742403712449,0.8382009577493559,-0.35520284950445313,0.2930251483758454,0.7820681734062843,-0.3446315876751628,-0.9347775362490438,-0.4193084473426948,-0.491855881434263,-0.8851052970455628,-0.44041469967908986,-0.13486817971936788,-0.24921498034271589,0.11610074575827443,1884.7072367583073,0.27889524161424534,0.00036445725709199905,0.04253044351935387,-5.295300348050928e-07,275.4354553222656,0.0026291559915989637,0.6658577919006348,0.17907749116420746,0.1550646424293518,0.2766617936498532,0.7467827396982303,0.7296758303600632
-680.415176017244,62.20012617672319,16.715897158895025,5.789830426680795,10.174460033924905,9.73753869341612,6.930367762737726,4.477445521521949,-5.976808881584813,-15.295027910420796,-11.762713282260911,-2.976307395192081,-11.504818386193591,-19.418263178843407,-14.188823637696187,-1.6793533403322594,-1.9530769250501558,-0.6974924830174503,1.510657468288852,1.057620574955249,-0.09821691675596059,0.06719019666514389,1.1220244360310898,0.7063799695562853,-0.7280667155728691,-1.5828190089505274,-1.7270553962949788,-1.3450074367384401,-0.40728034131205004,0.4325884138761257,0.39082878821540507,-0.40006930614263186,1984.4371739396593,0.2735767437075206,0.0004586009308695793,0.04724511131644249,-5.5788319076812e-07,24.15886116027832,0.07940401881933212,0.0,0.0,1.0,0.3389143737407381,0.7444019524006193,0.687151051301968
-675.9585041462125,72.48223776088419,25.469654308136406,14.86908254935587,25.477464295839578,18.934060224451084,2.1570483716567987,-5.0553974929112435,-8.670641666312978,-11.829921889851054,-11.272246062066266,-1.9257720585324125,3.294927586394757,-5.804380591338329,-16.00336258932669,-12.299766093455771,-0.8589040026697583,-0.3462649517660602,1.096809275602102,1.2048485476389954,0.3343913450264209,0.23902472851200354,0.7343180712408068,0.056363621088801025,-1.268128837653287,-0.8876496781646487,-0.36881686987626594,-1.1010165293714447,-0.9830253340648307,0.367454352530756,0.9018386841062831,0.08604876041355079,1766.8031399177075,0.26742125232116903,0.00031028036028146744,0.03743593022227287,-5.837482170813207e-07,24.195180892944336,0.09089343249797821,0.0,0.1082443818449974,0.8917556405067444,0.4268744956625628,0.621889733158238,0.5929738220166723
-677.8602632641938,70.87424678654719,26.234709692787575,12.916074215685551,13.579127361216077,6.007046163000379,-3.2106880913949487,-3.547825859431698,-2.343291598391352,-0.25079640185824026,-0.7887020542739724,-1.2499295537362198,-3.384085929538526,-7.368329174533924,-6.136565900011417,1.7931933626427996,0.1629913224054771,0.3588427069487465,0.7289804515456529,0.9668581858937422,0.3879026579942849,0.18443469745307434,0.28662621130194643,-0.02568489594140355,-0.3375938888686135,-0.22289345900763705,0.02125721147498745,-0.45692129393221226,-0.12887509133890693,1.3319802186640954,1.3485023432542311,-0.009532468767421032,1947.1423897412024,0.2773227034704301,0.0002497676759958267,0.06644387543201447,-5.162395581217217e-07,22.0342960357666,0.05862114951014519,0.0,0.0,1.0,0.4113101663445878,0.5096930561209274,0.5534107196242863
-680.7477137158372,69.6962475326031,27.510058022096796,14.651170412652789,15.891068486579426,4.4696841520655415,-12.767364932244787,-14.495779569654719,-5.767593738352575,-4.195499312758679,-7.330599886283335,-5.990046998976901,-6.655861281274806,-9.470361802085218,-8.361473623763661,-6.137938747478408,0.03129615801256071,0.4185795849960981,0.5162356200031265,0.08238402321027469,-0.8761300254623882,-0.8245070242989476,-0.3258166019795103,-0.2045517898225132,0.020697055518116757,0.1592944607586923,0.13276830084775093,-0.3390803922107096,-0.2896412666275905,0.8281953832334467,1.6059301459693758,0.7995147083815118,1887.3131713165399,0.27831683510283906,0.0004015602171421051,0.04696065932512283,-5.216194459712358e-07,20.235197067260742,0.08869446814060211,0.0,0.08235375583171844,0.9176462888717651,0.36049525477392985,0.5878501679708211,0.6198692521438385
-677.0599744591309,68.4267951321884,21.061144559709525,9.474413429546878,13.37135945947957,5.129361984246088,-4.10727772130224,-0.37337357503727225,-5.42204856703576,-17.66059286166209,-18.204644995641825,-8.766086723389659,-7.44516556220669,-9.960989186332787,-9.416020562702109,-9.91957376822223,0.38140204277954176,0.7902158638144052,0.8676360358477527,0.6427109678321759,-0.17080610214177733,-0.8573419218652903,-1.473987065393034,-1.2483924574595675,0.11943744396088554,0.7473644889328537,0.3469045747775714,-0.3235136533419696,-0.17844594759014298,0.5369907382401324,0.9972129668490854,0.24195522387809218,1933.0234991881298,0.2818950226934233,0.00045112986117601395,0.039560750126838684,-5.671787562008421e-07,67.72161865234375,0.2971875071525574,0.08028412610292435,0.5141644477844238,0.4055514633655548,0.3497529323881551,0.7102710906678752,0.6700518811075398
-675.5910372499762,69.0062894569302,23.364625610474345,14.140020965200751,15.542388922505394,4.677275099953351,-7.975290230164999,-10.708138780811854,-9.780738301692823,-0.42497315389532053,1.8513777246187113,-5.683903828592189,-12.535800266433935,-11.009233558027415,-5.394268085453916,-0.9787394182015234,0.5317509717730982,0.6238522921266003,0.4348180532446792,0.3064878748417065,-0.39312984599324563,-0.9096358970537906,-0.8521511399572761,-0.6515352080133545,0.1288014298439352,0.6767607670525355,0.7873993672619981,-0.2619960680812665,-1.2205196828818545,-0.6123736222531038,0.5925658995306124,0.6903257056395149,1934.6051783446455,0.2790812766602072,0.00025472790002822876,0.05239089950919151,-5.095583985151613e-07,53.28690719604492,0.3383755087852478,0.1390884518623352,0.1445215493440628,0.7163899540901184,0.339734741179062,0.6378540315946807,0.6524768382771805
-676.2890830064746,70.19615327544449,24.055058709974208,12.315339406134406,14.717853625005766,7.876880427576332,-6.630300855404192,-8.783381408747498,-2.3389684811919746,-4.508558566740755,-6.0057800268232615,-0.6023000178243387,-0.7935685266467822,-2.1599200324662053,-4.476477424161508,-6.825502651987403,0.7438503514316368,0.8198581006754242,0.23652503724284124,-0.06633450064452093,-0.17611225000675068,-0.277947211721493,-0.30158121028248863,-0.23645648385793888,0.12562331200180057,0.383154662237167,0.8167975491024551,0.5566167469773228,-0.08323866196534374,-0.23116657221284975,0.015508787546251089,-0.0684535276921184,1968.029464853074,0.2831581305255274,0.000314970500767231,0.05790610983967781,-5.475243915299252e-07,66.88771057128906,0.3142566382884979,0.12396228313446045,0.4642656743526459,0.4117719829082489,0.34005713188052594,0.5942457941830117,0.6360311817567826
-679.9977300405374,72.35853177735245,29.35782644140252,11.70217827482108,8.552183934344686,0.43485177835137745,-7.85270881882896,-5.928978548381792,-0.9604708347604918,-2.183117110692704,-5.173488387197819,-2.9560127327372743,-3.319482284727352,-9.484530170402655,-6.984102819931856,-0.24003467579455973,0.3762829298002606,0.7658107062627729,0.6187228086586176,-0.09484475781114421,-0.6595705887817608,-0.6565455789496094,-0.027854959659450854,0.4390378519075196,0.535364080933219,0.7589195913925404,1.1287596218779514,0.9119344776505715,0.19822719781312054,-0.4305321455387227,-0.24135690909139024,0.6105082013411912,1918.4025429110384,0.2835501694120769,0.0004445500671863556,0.045172709971666336,-5.733772827710345e-07,135.92745971679688,0.2094833105802536,0.12802302837371826,0.525791347026825,0.3461855947971344,0.2906879381917786,0.6342958016611266,0.6857372452428137
-673.7394852001321,74.65767989605764,28.940492190974027,18.233827916703106,19.82413553204308,9.76500133075162,-7.160332618808788,-11.922387971321463,-8.966750763600523,-10.133414618071338,-10.820168333199545,-7.456682250220098,-9.045974151860243,-10.822776552991488,-7.566919584508428,-4.075275370410905,0.24989260218300777,0.2840588484115764,-0.054256123943179,-0.37925194957723063,-0.2977699754380585,-0.21309161864484427,0.311047996816816,0.756960039521188,0.6049339325989493,0.22834972283246208,0.2664520488894032,0.4255499760540502,0.10411870087234537,-0.09555874606874644,0.2307956025452057,0.7497391140681884,1659.9111487652408,0.2771186471483946,0.0003767777234315872,0.02905169501900673,-5.661004707143286e-07,135.3846893310547,0.24080292880535126,0.14756879210472107,0.482962965965271,0.3694683015346527,0.22632466558515196,0.6950611590951764,0.7543649364654872
-671.6405378184763,77.22896565246165,28.290225485947722,16.242349970987274,18.229579212556466,3.8015919688553215,-9.489557605324386,-10.728402581403142,-4.945357318004061,1.4392536033334795,3.934072164310486,-4.758612366899644,-14.097540247255477,-14.342332495599637,-7.965680019545802,-1.265998773973402,-0.34114223088282797,-0.3215366558910043,-0.3073211527058223,-0.4459655843870935,-0.3329097404674345,-0.040136058176284156,0.8932866768191612,1.5263749091584402,0.8306619981180269,-0.54315177926551,-0.5309652056718257,0.8958308262983419,1.4100844658757274,0.7058427444800147,0.34855069429888624,0.5211457339582194,1806.8789314371923,0.2839987695230946,0.0003072572872042656,0.04444357380270958,-5.790636326111684e-07,134.70220947265625,0.24956725537776947,0.09511706233024597,0.4873124659061432,0.417570561170578,0.1743697167913484,0.6102755425889922,0.7777725479039359
-674.0914613475991,73.56907674474445,23.759485630177704,6.957425466283676,7.704723777390459,1.0816932817333769,-8.696879644903314,-5.340488718454882,-1.5083350020764308,-2.053594287965886,1.0787353410504754,4.839070666317168,-0.5550818351330477,-7.1321319011676945,-6.727871095458402,-5.994389917375135,-0.23778263442953443,-0.18336504992500458,0.0927373886753527,0.18140274373582327,0.4784462070843053,0.5901473372916579,1.0889229887652148,1.2822665132501698,0.6458760476055607,0.01472338050027526,-0.17804682401741367,0.27593746817546244,0.7081775454442285,0.541068121010023,0.45789346523264235,0.7790100845075305,1963.6344945514186,0.27820622833679737,0.00022347550839185715,0.07147640734910965,-5.130912789481538e-07,53.43370819091797,0.08397570252418518,0.0,0.2842140793800354,0.7157858610153198,0.22439942948860675,0.5866689265485332,0.7233285852933323
-679.9425037698178,72.09997716420864,31.082986041138284,12.58545338739759,7.6273207946349855,-2.376936665538871,-8.853346256004901,-3.389991892539584,-1.433162619316033,-4.042853737924482,-4.699490953885112,-1.263948049245788,-6.006044712669095,-14.217723350122444,-11.93962285343462,-0.46813075800404896,-0.3333385890747856,-0.6988200048308439,-0.34503078193481795,0.36416317752471533,1.265123736512436,1.7288315235124747,1.3965584587096553,0.7012783425636736,0.43667107605921185,-0.201275937763318,-0.4766714908486922,0.37221826372596045,0.9157981469555477,0.6730061742138135,0.060694436523288514,-0.024312790301184897,2023.83897874873,0.2882847834460244,0.00028976425528526306,0.07221740484237671,-5.066996253449914e-07,21.960132598876953,0.0813772976398468,0.0,0.29672834277153015,0.7032716870307922,0.3237040824252216,0.5695145540875348,0.6375981543678879
-673.2360944214577,67.46334187447594,14.873219156325838,6.495473915124609,15.928327028066212,9.779555053988085,2.659485841703343,4.970826514685371,-2.0278164585809946,-13.655011399047268,-15.113860575236856,-7.9678393506188705,-8.205430569569977,-5.28744651764272,0.32602068701343967,0.7844911048910658,-0.25918405880631756,-0.4069469903606535,-0.32262041933667485,-0.10878313202368381,0.7370840318629232,1.7218876534764318,1.3769481062257884,0.6107935764066261,0.8097578318041585,0.11124101530366916,-0.9318955739640996,-0.23651600389482852,0.9485404694516874,0.7554902654895845,0.06983030819958719,0.07975640240108425,1982.2044481819223,0.2894894917757011,0.00026351120322942734,0.05839286744594574,-5.598838309917155e-07,67.29267120361328,0.15426257252693176,0.20951013267040253,0.368306040763855,0.42218372225761414,0.4116632735135274,0.6005888188479228,0.5933194145806393
-682.9375312504744,66.63427626369176,26.07385982545449,14.192899373968302,13.13317227171655,6.2249494916999595,-0.6588746255966351,-1.043139227147658,0.8175696050160897,-2.8024969875585555,-2.4937645843673337,9.357742494598778,13.394921388683443,3.3679878999591377,-1.4998833598629566,1.7247779513587158,0.37173814641867453,-0.13393808375769448,-0.6722574577530415,-0.1642491390755605,0.8996752443547532,1.9256289858119384,1.1922982819911105,-0.09706958305214158,0.10395189674829095,-0.28328825290410253,-1.1391369421450555,-0.6273618972097103,0.31570445352988497,0.6981638848731159,0.4516773141614955,-0.3807080693738714,2031.418655890108,0.2762599900817938,0.00034778472036123276,0.07728882133960724,-4.910929519254928e-07,67.11917114257812,0.16440753638744354,0.19206294417381287,0.3922761380672455,0.4156610369682312,0.4154330123160186,0.5805848609711823,0.5829060667908026
-675.8271755169667,76.61828529466905,34.24454088059198,19.951740884498008,23.05727433471025,13.92387249892008,-0.7607937364361588,-3.4949731161398634,1.6681260758772254,-0.6918477257847808,-6.381038338639773,-6.316641944908521,-5.1498537748331845,-6.482104074130893,-4.674224468012278,0.7566889036172697,0.30453904098507734,0.024047830731584324,0.11778460675979749,0.9145550127421428,1.3833759067154578,1.3750583894738364,0.5187812968159365,-0.8185159895557914,-0.5534346432200767,-0.09838373212867808,-0.5504944818310856,-1.1412419842473995,-0.754910516895182,-0.21311696859044565,-0.20602248717894922,-0.7402364702532833,1709.8338051834921,0.28531607941263337,0.00043676700443029404,0.0356963574886322,-5.841480692968074e-07,66.89503479003906,0.3042437434196472,0.14650030434131622,0.4365585744380951,0.41694116592407227,0.4368487204157495,0.6653564368642187,0.6036593391616778
-677.9973861545695,67.22955606788332,23.534077643876373,17.016404398144886,25.596488537781866,19.86202705042615,1.0415810385208488,-9.150825036725697,-5.138155420864563,-7.262201773141028,-8.390840892437286,-2.0842189323467544,-4.338243997524665,-11.961273460001538,-13.239578884914026,-7.4188083540660745,0.31673495745419084,0.04950927037728938,-0.21727369293874824,0.2834295235252466,0.7173328721289481,0.9617999560304381,0.17639901205316288,-0.8546950463590215,-0.44295663708540467,0.004516001150410835,-0.20780307582236426,-0.7532220689736325,-0.7598043939338337,-0.597894066866614,-0.6853212860150282,-0.989634367537857,1945.6546203534042,0.28641555920915546,0.00043344777077436447,0.04633358493447304,-5.425770725927854e-07,21.888530731201172,0.05417639762163162,0.0,0.0,1.0,0.49744708175391833,0.5662522829082521,0.532342409631967
-671.242995875309,75.89485317924851,23.67805071119123,9.122520910229795,16.302475868137584,14.976428673816907,-0.42112587014153624,-5.453138451235647,1.1733016955473692,-2.9296703248424545,-12.376461902634526,-10.087783714905488,-4.690194852871114,-5.997658573385094,-6.20079899960443,-2.188088737162032,0.8692096573631628,0.5718908653330301,-0.22912989201932607,-0.35912165324265105,-0.3835882185622246,0.30871021861268033,0.3465602273080448,0.031086620803008752,0.2706180521567339,0.5800204186980376,0.033684521700471794,-1.0425571627641868,-0.6502184433962377,-0.4522342396610748,-0.48445293917777965,-0.12468473297516243,1801.3232268688928,0.2805010023695431,0.00034517794847488403,0.04335019737482071,-5.73121288902326e-07,21.891511917114258,0.057351741939783096,0.0,0.1476847529411316,0.8523152470588684,0.5434077779417592,0.5421633919114512,0.4994268519352461
-668.5256032601607,73.62203676333257,17.199063576456382,6.575249054177279,14.509573111582963,10.109413992756231,-1.9042924592570674,-7.103092547800324,-4.4687956228378365,-3.7841300632779813,-3.399114624974775,-2.976563949005407,-7.858433237260066,-5.550289774278262,0.3142149254822838,-6.349056351391837,1.7879417954104788,0.7162665507440498,-0.7215658519567479,-1.5215682797132148,-1.2698540554410347,-0.41552795304480933,0.7483407645334652,0.6674726554300869,0.4270082738281946,0.029654575838269553,-0.47624687269667115,-1.8274793732149486,-1.243366729601534,-0.4206477372127582,0.3436292714687145,0.4814759114828285,1967.0757402442787,0.27832188230844823,0.0004121148958802223,0.06894326210021973,-5.151609649645702e-07,22.172636032104492,0.057327479124069214,0.0,0.18670754134655,0.8132925033569336,0.5107370761025749,0.5648799988638558,0.5251683075796145
-680.3176366621163,68.42367390294109,32.171726348047926,23.16400415373431,19.990769653859324,6.335099930523631,-5.011758600332072,-7.594499134991171,-7.644757718330245,-7.971137366587724,-8.048394392382239,-7.074634633694415,-7.813774706914952,-12.642040244046159,-12.810253012758615,-8.915056278750793,19.507023901034483,1.3386819501547074,-5.130804737822377,-2.106843593432233,-2.2532906110700686,-0.7270244322767517,-1.3537141541744928,-0.6482948936862601,2.0221180854533465,-1.1153649010250755,-0.2010034735215647,-0.9534190312016474,0.11292423676977778,1.036574949748125,0.3239003100913517,1.3420963934024086,1797.3371191386832,0.28654492326267,0.0004459461197257042,0.029899224638938904,-6.046023055774367e-07,33.15874481201172,0.21528196334838867,0.024025212973356247,0.12010540813207626,0.8558695912361145,2.0866189358767246,29.208589041418197,0.9333246502981992
-678.2323316330823,68.80934497755385,21.929020920114738,10.85162871478158,16.340981103934332,12.428032723263698,0.08386420657566529,-3.2669053565672153,-1.0979175217757362,-7.187747057388847,-11.16410581705913,-6.122243957242281,-7.185089936186625,-13.33216159638682,-12.892642378605583,-3.2648741717704017,34.83231042448699,-0.40847163795656394,-7.086531258062024,0.22317259757992575,-0.039695946648576785,-0.7228276459241111,-3.392637483475708,-1.392360785244652,2.396414310010226,-1.8436819117810617,-0.2741111328650461,-1.059881671961302,1.2152545926487017,2.242859527054195,0.6664788328718625,2.030280666095657,1878.3858490625184,0.27914678607757587,0.0004769386723637581,0.04024970903992653,-5.762419717542714e-07,67.62091064453125,0.07894524931907654,0.0,0.22922007739543915,0.7707798480987549,6.492407614284131,189.69490928024712,0.9669070981903769
-663.8495644250818,76.9095888410765,17.16506073816779,4.618759312248637,12.073628322444698,15.99043545812119,10.162785933587227,8.642780310989481,7.957171616460938,1.1043593267317249,-8.520090365205327,-11.394124354643264,-0.3116909508862519,1.9313741732274463,2.2833616831778083,7.224893793125942,43.656879180303655,-4.69999059017184,-8.128880878693561,3.3487376102492274,1.4779074905938347,-0.8067412160343497,-3.949463366126953,-0.9609956795467502,2.8434595539826346,-2.4721140472332936,0.1478765882485176,-0.8370560735758227,1.5097621414607483,1.9627447149425865,-0.12445689248447828,2.4113426996242495,1783.7859952817478,0.2720335252896471,0.000506104901432991,0.05499652400612831,-6.068073322155482e-07,0.0,0.0,0.0,0.0,0.0,0.0,275.6777648925781,1.0
-662.7154797022728,78.23769722928851,26.73909160558806,2.441128388262639,6.0287762197935315,4.319437326031535,4.000068688408025,-2.540984135183729,2.6903054609262123,-2.4816942368116646,-7.728563070145383,-12.980611054179391,-6.679883740457824,-6.905297357893083,-0.08473865109048162,3.70053775071899,48.604759404410196,-3.3753422751750914,-3.6977265531418855,6.89014857792008,1.0151118872410825,-1.1654674159178966,-2.475704197615799,-0.5510710294258897,1.0786894519524757,-2.3729397963048773,0.08450379181127622,-1.2904521364908512,2.0315262648342864,1.3655222809557153,-0.5050948017429473,2.0338747656047778,2134.1931004710204,0.2888506038988625,0.04132662247866392,0.07475607097148895,-4.42950476055843e-07,407.21044921875,0.01407321635633707,0.3124627470970154,0.48679405450820923,0.20074313879013062,18.881579621899984,634.6846435226313,0.9711099213006232
-395.9532804725554,89.13821379146646,-43.0472850074303,0.46332987426570577,5.590271181909078,13.58879023328576,-29.074366854791492,-26.183783376511087,21.893897210612025,-22.173812470667308,-9.879736778875682,-11.006042999630644,-4.057348192347441,3.2554896777305062,-10.622216007378821,7.071088416015248,49.56005424883767,-0.6917837728896061,0.7414463219970275,6.890947305007172,-0.1929203797264335,-0.8689569045299573,-1.8424876905382834,-0.3827700492215869,-0.5272576830443575,-2.0992962723402675,1.1102346772042813,-1.2061661841902256,1.581274891973826,-0.19663728437276934,-0.07689829478338187,1.7586900163367498,1974.7068511237258,0.20788682209340137,0.25231683626770973,0.055186957120895386,-5.18920700768626e-07,1763.0009765625,0.0007168037118390203,0.8539842367172241,0.14601576328277588,0.0,10.624249897979837,1753.9764581098327,0.9939792328940101
-369.00209617753274,46.740652071859586,-33.738237050183635,33.56175818214558,39.25488663147297,10.541495643425804,-35.10386718243967,-20.828627189242347,7.787579717410502,-23.404415927051332,-12.092403512441035,-11.211853565398206,10.951144209404806,11.775908444963685,-3.5002605217030194,7.031234203461219,50.3015010980375,1.8172379271555286,2.48663801063692,9.288468851066478,-0.948061476231588,-2.9148068309923176,-2.6473184864838664,-1.8540260102113943,-0.4251668926247768,-3.453749506676179,1.0042139162500676,-1.3630148504538984,1.0912380632875827,-1.1328890093417516,-1.8799536940437347,-0.047429767583095014,2178.8310079185367,0.21527704708435125,0.1846446506679058,0.05457792803645134,-3.974731606975485e-07,1807.8360595703125,0.0008323423680849373,0.8540248870849609,0.14597508311271667,0.0,11.89704513234858,7391.8016853364015,0.9983930943754656
-387.09382956020823,12.841674838079317,-23.645198992861364,52.566665439356015,29.690403544137922,0.9515528932264596,-23.711142312887237,-0.46076084794128963,18.916530289953997,-19.371342288616336,-3.5815609067887832,-12.786861649045834,1.8445393778254953,0.8933824658104632,-9.5027902360513,14.212408513056545,45.87072645781193,4.954220422451399,1.4798570032402116,9.339675897716857,-1.050055678846702,-4.727727414140191,-0.9006835489226338,-2.0798718077892064,0.5856392947799897,-4.430525503243242,0.7443709579735569,-0.7186124064093538,0.19451397659698802,-2.000651064213704,-3.6986279960266955,-1.3708006180852592,2838.9515014331364,0.2325308754768697,0.6959257842972875,0.12390987575054169,-3.160206475787627e-07,117.96551513671875,0.03332044556736946,0.5172617435455322,0.18096455931663513,0.30177372694015503,1975.434266287352,10673.401671212649,0.8438248170781644
-380.96125623634555,72.6555921496022,46.482574706558815,77.5592743845759,12.625412523854829,-1.791257121911527,2.3878362525246857,-3.2319598662633684,-16.136349867894783,-16.90019593214867,-4.677622410892184,-15.601391269529797,7.239022409268467,-8.104086489136025,-11.212600689004535,1.703863695486179,34.48534350262529,9.009073990492663,-0.018983115737249756,6.298232529938157,-0.555950081627677,-4.222067902029976,1.6191227138483364,-2.52290231141282,2.1720897660377045,-2.5420213206243365,0.8298325831582712,-1.042598263559224,-0.2859083596621561,-1.8742147092265309,-3.3688842318436714,-2.954328739626777,1432.6348250986484,0.25544534189290924,1.6990647753700614,0.012296604923903942,-7.50326892366103e-07,132.2251739501953,0.016895374283194542,0.3710106313228607,0.4834233522415161,0.1455659568309784,6688.916900358359,10262.92099026664,0.6054164189443093
-371.67634279072587,95.07045022141658,60.402717867627786,44.743368964471685,2.7687251792559717,9.929140449554495,-7.66410490191892,-4.238577648062817,-11.028796605273923,-16.707713565387913,2.3619585924224094,-17.803587637326167,-0.39860773822041656,-23.663961437081497,-8.476802274442438,9.412309092707153,11.488343858594607,13.778311194999503,2.094150042522183,0.7726847977984668,-1.3654649824606184,-3.48263961114787,5.743790253207495,-2.923610008953046,0.0357512234639894,-0.7697512088636874,1.8594702513345147,-0.724994792350234,-1.8847107203430156,-2.903022232536772,-3.2281653092200506,-3.4645230943782,1201.294626785966,0.23137098992467064,8.155384517274797,0.006553927902132273,-7.338415180183819e-07,136.4613494873047,0.00816197320818901,0.3732559382915497,0.4502425193786621,0.17650145292282104,8421.385400302715,10308.940771572285,0.55038768022374
-285.93170584933733,104.31245512782166,12.078085178445916,69.5002973521822,-0.22461492473579603,-20.533441926209676,-26.790434881587107,-27.50154480705153,16.92172464972877,-39.12630168628603,-7.362448089177249,-20.004774482009573,0.813743636221351,-9.939073660179897,-27.737750244921262,-6.403875156846654,-0.7903666961714177,17.877721618822267,1.923366917268944,-4.216213686359052,-2.4015143727308486,-3.1599639548192098,5.738730060216876,-3.3867075271078093,-0.31798182707285094,-0.01850091820906402,1.0636667933720978,-1.4026004962058107,-2.224548896510737,-2.285765055371956,-2.610782858146191,-2.067020262494254,1182.0000524597467,0.21560602255871145,12.764628563076258,0.003453294513747096,-7.360556806191787e-07,140.3595733642578,0.0055411867797374725,0.3766191899776459,0.43806561827659607,0.18531525135040283,10925.499202319745,7476.979313305255,0.40630284159586294
-267.52517677381616,122.22197351953687,-21.42153376958711,61.280122459351205,9.080978026372263,-31.37280323160079,-0.3326464579333132,-19.20664599691664,28.510525950828164,-42.229172086176476,-5.603655192364336,-12.40903113503027,-3.9155416114702426,-7.373335272332067,-31.600921386492338,-5.597573508830904,-15.223959407254675,16.84455686513639,1.8403185363430374,-6.15172037667182,-0.05866390831044105,-1.0901415337353129,4.133480958282195,-2.9493313193312414,-0.8437208492679567,2.0822457574528164,0.9687707348738565,-0.6362571295857878,-1.6709933249703823,-1.180833236185083,-1.80968428400932,-1.4655656124497394,1180.1337387867536,0.208191364223617,8.998613703995943,0.003496114630252123,-7.43672625798553e-07,142.0363006591797,0.01715920865535736,0.3363533318042755,0.4340969920158386,0.2295495569705963,7672.700178488865,5215.593766823635,0.40467681672643396
-287.1459717934163,139.21789191681023,-33.68510888829015,35.28857643222362,21.54166523135587,-11.997314210017443,-1.437856404678937,-41.336458832136884,33.22843965397752,-18.375458635734574,-2.3389930990895182,-21.916701950642256,-5.445377005444856,-10.050072255449322,-23.021725223203493,-23.195317364806755,-31.62498760299666,9.153829754817133,0.32674029077071576,-6.366645874623882,1.3097659196122824,-0.2896542352165342,1.7552683297100287,-1.3631249527513214,-1.481513209183347,2.7210027542850446,0.5974030059691198,0.5556784725128914,-1.5690773036710894,-0.11906143088304831,-0.6632523006282205,-0.644002659452999,1066.646483655859,0.18896917354151727,5.082627947442234,0.0025940791238099337,-7.768626655069644e-07,143.3762664794922,0.016409778967499733,0.3560803532600403,0.3984434902667999,0.24547626078128815,3825.3831325639817,3669.6915744672683,0.48961374207847075
-368.56192987167174,163.85058674746233,-4.1855907206265615,8.416503901785006,11.910432116118125,-0.8989722803616704,27.438298716051335,-39.21672096895114,-9.711995849696379,-20.50635723479577,12.379512743487435,-12.940398049838953,-15.544257898445768,-19.32825262317908,-29.223244155354507,-10.294918599429826,-32.995504293825874,1.8447952806029366,0.4020816467833275,-5.520921191902851,1.2265655641155386,1.1386952160693415,1.5170950105520256,0.8708814548032542,-2.2838578859570493,3.150037562911166,-0.5195734503078382,0.6295806023094005,-0.7008606878421956,0.9704758789702899,1.4750119052885948,0.4965095564610356,754.0958514343706,0.17937149431776087,1.6664179116487503,0.0010080429492518306,-8.632376352078264e-07,141.19761657714844,0.022390559315681458,0.3729698359966278,0.4567979574203491,0.1702321171760559,1289.1530264076391,1833.3853036704859,0.5871458121138949
-467.70195511219845,161.58076171402217,41.05746521140266,20.43233464239434,10.530960045995508,-20.041555334329452,12.69498466671494,-19.76800343495187,-10.077978483906158,-15.712672508562623,-7.286118059271382,-30.326692492908272,-2.1540581053836716,-10.4440047269042,-16.18607090930651,10.608486780943174,-31.58522516210119,-4.135796328806707,0.8586624043294794,-7.140864944913529,0.519012491609451,3.9835843982411343,1.5907281202639898,4.113113380099366,-3.2860220569720875,3.207632956494796,-0.7005686429525187,1.2569724799638908,0.17751715376879698,0.9255798386356675,4.2123650348844865,2.2351097107830302,591.3462165821329,0.20877839432760242,0.41063443943858147,0.0005252005648799241,-8.990969174870781e-07,136.7432403564453,0.028289470821619034,0.4314908981323242,0.37173956632614136,0.19676955044269562,321.10423825213957,660.6578467087979,0.672930699635935
-551.651336485646,155.69972318154012,51.763363984462515,29.85242735724791,20.3688607704218,1.5671779824202385,6.671364322490812,-11.350897794678023,-3.0181401159077845,7.683312577552427,6.641731029549012,-13.24035560188423,-7.0379448702118985,-17.204282156773502,-23.72373714593802,-0.3980685897237722,-20.582771976424922,-9.313677272787949,-1.981814743477872,-6.1124902584814835,-0.998640606746009,4.992023457438421,0.7530454794896929,4.8137253776344355,-2.8806547952998445,0.41145822568296364,-1.2803227823947114,1.9817655771398908,2.2323686266076477,2.596861448086708,4.797908295496551,2.0600169364926493,538.18230028434,0.19558275032928932,0.033664826303720474,0.0005360432551242411,-8.955406438760811e-07,136.1281280517578,0.016121501103043556,0.3144441246986389,0.15702499449253082,0.5285306572914124,55.880478657061076,206.6271812550483,0.787128197798988
-604.2105121042108,125.4497771516849,39.064518701774986,30.97767846492102,12.986648616862567,-7.728999833558743,-8.720186787779387,-17.208845990612993,-21.311558355720976,-11.51594252678515,-3.4603636481162203,-5.3948374742663585,-6.9265543542578625,-11.49357254153884,-16.09644302039799,-7.930237630730797,-8.484088923659941,-12.101901399353386,-4.807860174964599,-2.5019831397537455,0.40066761371767523,5.341303610560962,1.0704972844443357,4.036617821188432,-0.8782751627804352,-1.206861073270892,-0.8205671641383456,3.4813263251776774,1.3792217520610035,2.0151857884675675,4.546614438087565,2.6372475541418603,869.3045224637899,0.2044861152133992,0.026993789710104465,0.0038039658684283495,-6.382695999056108e-07,163.76394653320312,0.15721917152404785,0.05741481855511665,0.29938995838165283,0.643195390701294,15.338994388797456,126.05039464928848,0.89151240773333
-440.6977268213483,84.55979563225858,-9.08397497506715,10.249423249883797,8.367495909105594,2.947306795173895,-5.495581472054863,-8.21486788875848,9.979234927296563,-15.786858355003547,-13.244118363902142,-16.79917148949909,-4.367922658638405,-2.926992531423504,-0.7301098122573844,6.954020799044741,8.888407157818637,-13.612965767887149,-5.130781598689493,3.020426069483201,1.2667470368679685,4.579385291399568,-0.8449342215282452,0.8678832450585037,2.1773108714307314,-1.1883923314685074,-1.5780159562448357,2.3493166793182043,1.512812926039191,2.2268508924095025,4.537194463921599,0.6224832522922978,1882.0950385739707,0.2617599935294768,0.03150831535458565,0.06721049547195435,-5.836610079726449e-07,158.54989624023438,0.1883467137813568,0.13816887140274048,0.32500404119491577,0.5368271470069885,41.110177366786175,493.32878747696384,0.9230778815335718
-425.5260489363152,79.44391688522302,-34.65720032380672,-2.5431842946345755,10.258585181026703,10.72954677340148,9.775586972904257,6.921060098990081,7.12639713419828,-21.32071814480556,-10.145499651813715,-6.043524866876231,2.4297971454774627,0.8006243901170557,7.4570987439129155,7.602322404527557,20.11493936874824,-18.59958714952994,-2.491210167995069,5.40680426932097,0.589959008292278,5.233006531118448,1.9970962492414697,-1.0129701298074143,3.254458204480439,-0.9268569180578027,-1.0643019688121471,1.6108699111056084,0.5015723348511394,1.1088401507844592,2.9871266647443764,-0.6751334579455077,1971.7611488187688,0.23133759556065694,0.09758070763200521,0.09014691412448883,-5.508229432530093e-07,1005.808349609375,0.014264142140746117,0.4964475631713867,0.5035524368286133,0.0,6.40131615636875,669.23802710535,0.9905255426283116
-402.2866608401744,76.0254373995943,-47.47225759049054,-5.586206502408437,3.721224923718511,21.461124479450845,24.37368615890137,0.6653795680736089,-2.1599845093778303,-37.257286004469265,-7.09824006283585,1.1089926744131544,19.268563616767594,15.503325872574624,3.239610926842909,-1.7853378847607086,25.061046933641858,-20.403439109885802,2.775207513970578,6.658422299134195,-1.3718187642906452,3.141309318099947,3.074876147758824,-1.544963519009964,2.8211972563341767,-1.080499452481186,-2.4327209872040876,0.3506405083815799,1.5424088566743825,1.0471377123116952,1.7644834783097771,-0.6881953222836464,1848.504961059613,0.22093179363871004,0.10471038706600666,0.03257817029953003,-5.445901647758489e-07,104.80443572998047,0.060981668531894684,0.34071096777915955,0.2611599564552307,0.3981289267539978,109.94817616711481,755.104008891479,0.8728999497762467
-437.9401129259545,82.41163723913053,-20.268843852874006,24.649372634418025,36.830113479234164,35.62158412148369,21.419497575390334,-24.82730616052985,2.5387721371787704,-15.243612606282362,6.36196718821172,8.514270042721499,-13.826100039263773,-15.137606265099233,3.2603583764320323,9.64627025233499,26.190093027893003,-12.267576168160616,5.8269979341536375,7.306309271460765,-0.9315184572516126,1.6783476999465226,0.8476251783948753,-2.330031896104133,3.0953483560124337,1.2555185786080094,-1.2793922071959827,-0.31566692416927616,1.2494813630654156,0.6881785792315585,0.2237032004561103,-0.9309391822920815,1778.825470160033,0.22531618930066924,0.545859663747251,0.042999301105737686,-6.31738355914727e-07,97.85116577148438,0.09303019195795059,0.30540966987609863,0.37459054589271545,0.31999972462654114,286.5446799943732,1316.3640114118768,0.8212345584432609
-376.9106577587849,70.37155154291227,32.895657641110546,76.65964906973232,20.193106376519268,11.482842598516601,-5.254203646755081,-34.44461045266669,5.946537580206096,-13.762543938017618,-12.985520988680618,-13.843872051784453,0.4096253241285852,-1.832641330978316,4.8797913616973725,-3.4255127798853424,19.916815577632182,-2.4116820640607206,6.41179606862234,9.412784970040498,-1.109243256390576,-1.1867513559356806,-1.6590590679502177,-5.321124549317772,2.427069747832248,1.7986895080243819,0.5375176984048875,-0.6821735121793999,0.39844903759244654,1.1237552113367542,-2.401823114186565,-1.935606553811611,1599.4079130740529,0.23659350454881717,0.33025737199932337,0.017041871324181557,-5.760588354539613e-07,3499.251220703125,0.0,1.0,0.0,0.0,5.91767161953527,4496.101371349215,0.998685551624048
-389.7713397105424,-29.764257285512702,57.10384438017096,73.55204275117012,8.751996280967544,24.713047771784524,29.05844529294748,-16.05310266782117,23.12502592393372,-6.299691940637085,-14.977843571211906,-17.142601288370976,-2.675499454720491,-8.125695823703044,-3.5026482020575065,-3.8513462161997927,21.30038194591052,4.827696402645612,4.1478870465995215,7.116514165498948,-1.0899711716364575,-3.2411274862255275,-3.1635726697056756,-6.429348209282007,3.1218576821279176,2.2277243665132787,1.183172775508082,-1.9901270347877158,-1.3364260286618999,2.2168257765034873,-2.57403147615584,-0.9838494266470147,3946.5144566658028,0.3058479364437678,0.3857102235779166,0.13801471889019012,1.792468028990459e-08,3530.3828125,0.0,1.0,0.0,0.0,1.9076603007570156,6534.171929542993,0.999708133863039
-365.3550303101414,-27.589145682652404,55.27507700940215,57.794736487386544,-9.588118750275314,13.864504811220073,21.4288659150566,-14.34019522508725,9.135635442163947,-14.967800742400176,-25.467139233807654,-4.287023561838822,14.585097110052615,-0.5857419468934477,-8.45759658015389,-9.101387157363536,18.08546951927207,11.892657768251132,1.7984445310079957,1.4767246432945935,-1.5926026090447005,-4.1753641094701255,-1.2234665789692387,-5.695432639005514,2.450198006076673,0.5706220619637314,2.347925937977709,-2.023720736554727,-2.5337771285709065,2.3985355232014305,-2.4774058140792583,0.21291007536581172,4046.8849234360587,0.27466277271686707,1.314395572990179,0.18689072132110596,-6.987122908649291e-09,111.26309204101562,0.013090413995087147,0.24979160726070404,0.46818482875823975,0.28202345967292786,4290.28605773373,4107.29987976627,0.4891048344530586
-292.08749445245485,81.56539916499733,12.227697565838405,46.304255192767855,9.115906839453451,4.761137124646492,-18.43360136079736,-27.300750041337693,15.72542168105128,-6.681655675814694,-9.595988912466533,-10.226197890253925,4.86828413846383,5.8703201163352805,-1.8754515733623605,-3.7158913636609707,5.740923060627394,18.142071920364597,0.5860736965144033,-5.149193675346599,-3.2397804328597726,-3.5208063774933107,2.0341007286404804,-1.9687575895657228,0.6747140865877701,-2.084696545467075,1.327472783943493,-2.008394280239867,-1.0202937125170937,4.395240082694904,-2.5813242017682754,-0.017410615489407727,1726.282493519102,0.30180790502865923,4.626830236054957,0.037065766751766205,-6.514329791131799e-07,110.00804138183594,0.004922441206872463,0.24382330477237701,0.44401320815086365,0.31216341257095337,5747.093470522416,3135.7082872900837,0.3530089236239232
-272.5324175886305,126.64471813380123,-18.787546721173527,70.88947916085388,6.260056955990467,-3.852212385754888,-9.661903048498806,-57.056141999875955,29.141639312180896,-13.166535383826844,8.925916333002597,-14.782543453757707,-0.6659692322698155,16.418620143349127,-22.21868838897861,-6.558988428552907,-14.070091313051739,22.841425826000677,-0.36992663278655213,-9.315084472530296,-1.1176947319468549,-1.8006026579511554,2.7655860163654453,0.2791272593276655,-0.8688270455463792,-1.218749778723901,1.8862393462597709,-1.1272734244685034,-2.8546522740918934,2.933762397906172,-0.9230879225560187,1.5083623934645927,1252.1124535355889,0.22297645052788354,5.033701202832162,0.005286846309900284,-7.280528138821529e-07,109.75205993652344,0.0041671558283269405,0.22706422209739685,0.4594375193119049,0.3134981691837311,5071.1125435172935,3073.9406791389565,0.3773997044719726
-279.1512182852262,138.80819571770976,-15.795553328230788,40.73655080681442,13.307303183864885,-4.0675549258343855,1.1044709105102042,-50.01740373076876,23.087445262522266,-9.952579876726398,6.683357295549566,-16.995756448562506,-15.556753683017785,22.550852297850007,-6.15739695119852,4.52486831503402,-22.92829184513215,27.081001640940276,1.6086862573702176,-8.686149296628022,-0.9313600236540768,-2.1762391090767044,0.9682947397941246,1.3641758429269268,-1.4334502951887818,-1.493183096272691,1.171086313155156,-0.9597232123902675,-3.432066019331596,1.7384914807078014,0.1165937385498291,2.0003421376200374,1132.6766696854975,0.18335025775458497,4.012675039470196,0.005490116309374571,-7.525526280271065e-07,109.70509338378906,0.02718861773610115,0.25274431705474854,0.44309869408607483,0.3041571080684662,2739.163979340808,2707.551352690442,0.4970980100185834
-326.70637043123884,156.14888765635482,13.210081365872156,14.196311361752963,4.349840580217891,1.2530222768077874,35.33481883733097,-51.75585922234611,9.433830932497838,-32.86874296548125,15.578424100798436,-11.37406365398737,-18.78825169907737,10.590380076210836,-13.715719070458828,6.782238809901271,-24.566608161044208,20.652854786111668,4.106303590006053,-7.066599267151259,-1.4217021456277703,-0.6033016900947525,3.3905582885340175,2.555587761843813,-1.5097943729700005,-3.0186785542659975,0.7626087068864673,-0.6977318440360357,-3.2024434714507684,0.8501174327861785,0.2467278171404733,0.8571059086408397,1079.4216408012896,0.20182543631628164,1.908218045718968,0.0030577857978641987,-7.781171102347552e-07,109.80604553222656,0.05037905275821686,0.2896307408809662,0.5000824332237244,0.2102869153022766,1865.4388977960402,2334.8721373602098,0.5558807711661176
-467.995196405239,167.36502150379278,58.25179858811566,7.393031089014597,-6.123841044451498,9.301334348418859,43.23892107404049,-13.714096201585136,5.061302784978005,-30.808283889289427,-14.577764194828488,-20.91354290614882,-4.478704259886448,21.884364336595276,-16.74522449919825,-3.094409620165655,-22.73105650675283,9.44410648653554,4.459280801730383,-4.199227552425648,-1.2672203725132138,0.8308855741594717,3.8710886550119175,2.7469495667992154,-1.6818052522477822,-3.1420140666752543,0.287215766516762,-0.2546537216508531,-2.1276192284831636,-0.12725086418557113,1.157022441362655,-0.08479454265254323,665.9098387504856,0.20832711065027612,0.1702698264271021,0.0008089861948974431,-8.9057198313518e-07,106.15624237060547,0.07726097851991653,0.32822924852371216,0.4848281741142273,0.18694259226322174,963.6304210167085,2146.5192371864164,0.6901658997421231
-551.8525339147969,158.96626403326144,54.52410303863605,9.74377938769969,6.567734640031264,4.54550207659989,13.756735233942752,-7.6249609914415295,4.472320610692508,-3.894144495618401,-9.584608546378703,-22.688857519827195,-19.264821323439936,9.908055460459689,4.664952335824165,8.630217771751788,-14.165169236038734,2.6838099849843857,1.7625729179817968,-0.3602505643004173,1.3404542703300302,0.4579063371160397,-0.5790869446070975,3.1672586918246357,-0.5177639787925226,-2.2927569957739693,-0.6608300044543332,0.1338163757928133,-0.1663958420422198,-0.44718653506880024,0.9218732285567074,-0.8967322946793949,692.7588229036095,0.1928847178305928,0.4032799080014229,0.001399798202328384,-8.655962035803301e-07,113.46791076660156,0.04190783202648163,0.3347977101802826,0.48519378900527954,0.18000859022140503,1193.290263013511,1908.000508470864,0.6152278677041415
-492.32525049698876,186.25835649161985,50.78591118589874,12.926925128166847,-9.237866080677918,-4.487694090927754,7.251522711818351,-8.745288313410311,15.379769162662985,-20.013814567662806,-8.495686190224262,-13.24552144772884,-19.564986103697976,3.53136623805369,-6.2865096775056095,9.209034469903065,-4.740375410235277,-2.184115001283443,-1.4195970931839437,5.0183640638251115,2.8713750753049228,-0.2617098932810311,-4.289722023812881,2.5709603420858484,1.7377220029271148,-2.0242146573062967,-0.0546449739633994,-0.028290622396297982,2.0216606880408095,-0.3781872156612858,-0.3217795112886173,-1.1603818136191144,562.6313847029148,0.1755109409271236,1.764224904589355,0.0005030031315982342,-9.036674100311925e-07,110.26134490966797,0.08798079192638397,0.32082659006118774,0.48903340101242065,0.19013985991477966,1126.1817557566455,2326.0023262746045,0.6737770266601759
-396.80478299931747,180.38397871780478,32.78330778545627,15.737474844595479,-12.444374029534636,4.210523321738768,30.780465506501713,-23.71439247988873,3.5891542065354285,-49.6711293284675,-0.2826928599071844,-7.555904906841845,-8.596688590285314,17.342139285368823,-12.243249220340815,-11.628276519276405,2.6135882075721573,-6.60807525644547,-4.132451667681403,7.920866658579592,4.344189187373833,-0.3042540255310038,-7.195439667565203,2.7833016418285808,2.703420394140947,0.41524194060990294,0.23127473690930217,-0.4533017675198258,2.9344299149220605,-0.7371784889275288,-0.35816541524480117,-0.052353285744528105,665.4537288565242,0.22719726649647823,1.9226709827780724,0.0007649295148439705,-8.776813846491933e-07,106.61156463623047,0.050840824842453,0.3577577769756317,0.4579903185367584,0.18425185978412628,1360.0249501512342,2029.4416025831408,0.5987495586719789
-376.97551101896113,158.49312654384605,-3.1804689634339605,39.697790976414055,14.854035608217139,10.564318589016983,11.621947048323968,-42.77160094574528,14.75692235694963,-28.646453489460512,15.49898438464844,-18.512401659160496,-18.97470615384126,12.949241980872891,3.4676941821819094,-3.9899212533036486,9.879232566557436,-16.929697302845607,-3.2874291705978784,6.615801898956114,5.756649473831646,0.6716114685879107,-7.075954229035067,3.370567871329536,2.525027780411349,0.0844912681934129,1.5807058314124314,0.5932365004689345,3.5671852020433197,-1.820187709666265,-0.994555668068738,1.7575394283832446,866.1913915456354,0.18469012072326335,1.3308598808944225,0.001899291411973536,-8.204824965278611e-07,100.63892364501953,0.0114981047809124,0.32093167304992676,0.4558990001678467,0.22316931188106537,989.7200522632536,1268.2374672679964,0.561674635726221
-370.5100167719335,135.29729051128305,-9.73040758428203,64.11073531793858,34.3824352566096,-5.989015877781657,-14.962288064995423,-30.244549054546447,27.965793578032496,-27.834909259799318,-1.1882150714347963,-15.463898647094776,-1.9226536032286534,18.124399775106365,-18.96032194114549,-7.494484030418912,6.1270601425365205,-26.134432130226656,0.21335332120037598,3.0201287508483756,3.3288262817812204,1.666691861742192,-6.007456996395454,4.700248196133624,1.4005733467950168,-0.41674657394835624,0.5718283817632334,1.5782784815079116,4.949433673407909,-0.3804717630394232,-0.935748456523043,1.7239825949309784,1060.6104091559246,0.21451262748458935,0.8480115318670869,0.0039495318196713924,-7.770861749119638e-07,95.64791870117188,0.01133339386433363,0.36253631114959717,0.452543169260025,0.18492044508457184,583.9658625423103,787.7627751530022,0.5742847043541709
-401.6758951052432,120.76668736609949,16.267189575695475,60.92538998912818,28.11757214720209,-3.1094221406915503,-13.965974825219668,-9.035370981138918,30.62728513733144,-33.727844007284475,1.0748088539171534,-19.336548316416923,6.699925829396566,13.836569510392984,-12.93004641916162,3.3390626303134923,-4.322338512115078,-32.14303210181762,2.508729920055261,-1.448916943921056,1.5357657058018668,1.463587408091804,-6.641831967834646,5.876030660070439,-0.07071582907428264,2.110514672143069,-0.33470151806898574,1.4366778619579446,4.4033212313244325,-1.2013867728072867,-0.00468205618186264,1.38999285593709,1109.5862311482051,0.23919140901717736,0.4196315547451377,0.005101950839161873,-7.561950191172871e-07,92.22740936279297,0.028938565403223038,0.36862772703170776,0.3707655370235443,0.26060691475868225,265.31911221510586,448.3827310466129,0.6282493667067471
-456.750716733592,110.75230366087541,28.330613458758503,58.98384763818036,23.90129276657224,7.501535067880131,-16.42619868635923,6.300993679384141,19.219625298105292,-10.32190165529654,-2.8887490133113936,-21.652095492591975,8.025570610221445,-0.8940922310785137,-12.575497685595368,12.53392516776102,-12.219220777750708,-32.82999750210094,4.4060477474963555,-5.28985383577052,-1.416412462548101,0.3609324297765733,-6.956034239839229,6.241576464730823,-0.37276256635072713,3.1243443027798254,-1.5861642290159979,2.1887353562505645,3.1445609018097826,-1.5529056738498188,1.1416051940380836,2.137410160588181,1033.4267522739538,0.20977690396542029,0.13624360132962465,0.004506021738052368,-7.580769681361366e-07,88.36075592041016,0.033012453466653824,0.4190731942653656,0.3280065655708313,0.25292035937309265,66.22582921280915,267.2796944688315,0.8014250904101148
-443.0314400455,-6.402461145211075,56.47326786159188,33.60746083667934,36.841311032641364,19.01923045853934,-18.218754759865703,28.177536342767375,18.158323145380137,-23.32213729398584,-0.44793834263130994,-7.770055050133944,13.760315107205857,-2.665007298349079,-13.73218545313549,22.2424390561565,-11.62881180524814,-30.63108486727084,3.962655884016522,-8.532121428539863,-4.334939010153176,0.6658425578221314,-4.597019696848266,5.1314478466371325,-2.1080550217432124,1.4793585083489802,-1.5941810231175069,2.5938485922562515,2.700282163975902,-0.4216501338188855,1.631833770097616,1.9518362302154475,3980.7552374239704,0.31526660683853003,0.07068506814539433,0.16983945667743683,6.258098326314233e-08,4584.455078125,1.0,0.0,0.0,0.0,0.0,187.89915466308594,1.0
-460.7689267266579,-44.307157369613755,50.82331787843836,12.605222719069967,0.45202849896041464,13.688615899988893,-27.252099043409604,11.744892887641523,11.614179084699506,-26.068367267230965,-2.133921746239992,4.132851861784473,15.252920273437965,17.74454304301407,0.47854170266409357,10.801556441603381,-10.850204683290318,-24.31105418649799,2.238377999213075,-8.455976373180295,-6.1764929642047806,1.5981526665271604,-2.4419267407163416,2.501027604755592,-2.244277690935994,0.35980416716360836,0.1204368074388069,1.6822084332314056,0.3547391066979361,-0.26973271167465906,1.6761726353547475,0.09473404746403885,4688.117154573169,0.2744459640173593,0.0560006657615304,0.18396075069904327,1.9629766113244487e-07,4557.9453125,1.0,0.0,0.0,0.0,0.0,156.18019104003906,1.0
-454.5990808795255,-38.78473241294991,35.54472874371802,-2.1307529466979394,-4.247034479723985,2.7574539255850845,-33.56520483383203,8.189753234259573,8.786104743692235,-13.098576030307221,-3.7291924474004126,-4.286045187968394,9.74305903448995,-2.2294905311323303,-8.89434995871606,-4.886729865975493,-10.883481675442177,-12.591734301939331,-2.83108245657964,-6.650548741378016,-5.757925770224894,0.17654527899821926,-1.7219867967410485,-0.5879363963709288,-1.6638220965456267,0.17495592753405115,0.08134425177035703,0.40941367740441037,-0.2105326276863183,0.7155143793950294,0.5857725103304818,-1.3880687997718715,4798.913759053783,0.24248852568659635,0.05646986048668623,0.22722750902175903,2.0767257040769634e-07,4473.40673828125,1.0,0.0,0.0,0.0,0.0,117.97966003417969,1.0
-466.4070760577284,-42.51307852783616,29.5017434147033,0.3433138379182149,-4.5804897443355195,0.10867922726828882,-32.46158370660111,1.390291053999403,13.768876665871897,-17.951570555743935,-8.800483534570795,1.9153595125121614,6.680516787827369,9.747926129857126,4.633464732492586,7.231618006578289,-5.923199880347504,2.061516160956511,-2.675458196885992,-1.77306277246247,-4.437555116408191,0.45909618449144884,-1.0728616003948117,-2.6544365394102285,-0.7761481425671818,-0.25026937742020333,0.5528252367068281,-0.6507361798082812,-0.2089074531387528,1.2994015047164165,0.9816022196421961,-2.9290861202726606,4627.3638785191,0.24329905366250149,0.0535513935610652,0.19825011491775513,1.636916621865895e-07,4167.67822265625,1.0,0.0,0.0,0.0,0.0,102.54757690429688,1.0
-452.01874824792947,-49.07479453872999,11.573310358643617,2.6642633560220883,1.096763586994357,11.498477386395983,-31.702786579626967,0.5004497626387083,6.605736465092957,-20.246597477772376,-0.4912357808712249,-6.610604797840314,11.748744494154423,16.280216409766055,4.968502651129936,18.78903410186406,-0.15521012439310045,20.00009456995587,-4.206091055995814,4.178001806954538,-2.262168636569193,-0.2751597207324937,0.48918860771488,-4.988171420974102,0.20601278490168062,0.5340711247943479,0.4693193206937081,-2.202703152675959,0.3063715899724919,1.120427756408614,-0.2428450060443164,-2.859680769704789,4497.574507218816,0.23815762218509398,0.048158601857721806,0.21838144958019257,1.2721223431257892e-07,4170.865234375,0.0,1.0,0.0,0.0,0.18651482326876945,397.2818384482156,0.9995307429591975
-487.78585729369905,-17.259151946274052,32.01224161819905,19.221755041039142,-13.48637515276107,14.789221528354577,-26.434275331322542,7.571296548773523,17.386218634710133,-31.289837515175225,5.569051303060569,-12.42995975564962,1.2886599280480109,6.815785553184668,-17.05558429619179,-8.227506110996892,5.391204389410179,27.275605978659733,-3.332037650008757,8.238363287100979,1.6306865073202772,-0.4115962157618595,1.9230486051750235,-4.307591292123494,1.1467268255970078,0.7397367624114497,0.30759194990871214,-2.328418399462195,0.8902446704567933,0.23587680049169235,-0.8239595117396215,-2.2732385549229344,4145.958704649335,0.2358866250022046,0.008415190503001213,0.1181790679693222,2.872877902139933e-08,4157.5205078125,0.0,1.0,0.0,0.0,0.2882498161760658,762.1441232306989,0.9996219339231044
-535.7485733828132,48.786911528686716,-1.1798960251716224,9.525804276930437,-11.080160183023814,1.2283529031777358,-24.245332216934393,-2.3799503302700127,12.282627631543907,-18.944522285343183,-2.3600884406038056,-20.137296996886274,11.743505603660235,11.3134192373527,-11.172468615846917,0.7082911787063513,8.072809193066272,29.90773448628036,-2.6586538533089974,9.548299291048,2.831573615087568,-1.3710721373373134,2.6614184912917667,-4.318238769380074,1.7915392874568552,1.0867036918916049,0.44502245884296665,-1.5111095724728247,2.0608242255350464,0.3404852742392703,-0.6266666157066418,-2.2478439359530387,2748.1751098433356,0.2352217891753487,0.127522268332541,0.18525241315364838,-3.4109474489175697e-07,95.46022033691406,0.10655451565980911,0.3167862892150879,0.2780173122882843,0.4051963686943054,178.55757262273661,783.1315142913259,0.8143292098741548
-463.1974828101981,89.33152938957488,46.837006146929525,45.942128234390395,-1.0876782586205629,24.995577322387497,-28.87370601907468,-6.588315369652015,9.643247089619248,-12.961413087243162,2.1767664194878185,-13.275161018466912,12.885274748578231,8.950062447581502,5.530097828037585,-11.656165443901015,9.702159118726145,30.460420464312442,-3.629239764874217,7.779994922424019,4.298891965973038,-2.6831044675718294,3.7321416952753403,-3.8890804209854073,1.6511766583786707,2.7914028509904574,0.2272327894522843,-1.291725229140669,1.6653056614305524,-1.5164724080214982,-0.8191283853364921,-4.0183626067428655,1717.304638118852,0.28465880911318514,0.44444918259978294,0.022438332438468933,-6.585220934964333e-07,81.0201416015625,0.021340500563383102,0.2010752558708191,0.44080665707588196,0.35811805725097656,632.260366818723,546.2214447047145,0.46349586337578474
-397.61873328810486,143.27063871852656,14.106323653857197,60.72691989191265,9.706595756045513,3.5060285166850838,-15.83148381466216,-29.155528370302736,20.074116979080145,-18.88374618968567,-0.9181003693276936,-16.242636958585397,20.479364030797733,14.69884975428015,-14.60220605209383,-2.742210568234153,5.8410664285809695,27.372186750518313,-1.8722994271750353,5.028797078383807,4.667728638402721,-3.6056806917149853,4.920299458106956,-3.9647782306950585,1.0992717066163427,4.556942184572498,-0.896793059893814,-1.147356010363266,1.1267869410251123,-2.7516830250070297,0.02853236912199253,-4.252071993004704,907.4893418087413,0.19801016978684352,0.5533354924991727,0.00381663185544312,-8.083521388763054e-07,80.9357681274414,0.02136280946433544,0.22758328914642334,0.4071144163608551,0.3653024435043335,666.352227989044,609.335272010956,0.47765245956471003
-403.30846191911496,137.89767348611502,11.442227175543321,64.52262496816348,15.744928631584507,-2.9226762065190464,-15.36496316459802,-20.150612055736246,20.992664288627275,-13.454035743883072,-4.649773368260014,-10.849046986934663,17.45329232530714,10.227070970571242,-4.013032634425184,-10.941333899517545,-3.594057378419548,16.315038453722092,-0.8549492913588795,1.0041508637839132,5.224452252086685,-2.491471404719522,4.258743161603471,-3.9873046252250783,-0.6261530533531985,5.378000548130914,-0.15160926732961755,0.2444960339380938,-0.18163788865731156,-3.0736906680043194,2.4173526119293665,-1.9516301354235182,928.5846283787881,0.20155907949236523,0.6293013198301196,0.004205524455755949,-8.140787942361406e-07,81.84744262695312,0.024363670498132706,0.22557930648326874,0.4348144829273224,0.3396061956882477,429.89343344453664,525.7989493679634,0.550175934039145
-414.1780046882791,151.7028339082015,4.236860343663639,57.247831505054975,15.577915656588793,-14.090476072786885,-13.792186581502218,-22.060258928062677,25.442905967757646,-5.434703511855169,0.8946153256324227,-12.352067504398773,25.3113772909516,2.775544056064879,-7.6705423485728135,-13.351887807424045,-10.4368343294005,7.029341540236464,-0.939248733515158,-3.8890151354814733,2.459819742085651,0.29146500712826884,5.915423256542737,-2.5369201552667318,-1.762865515115007,4.735442961452586,-0.2883194546406725,1.064639361528814,-2.448800823372133,-4.392009411393475,2.481915088424839,-1.985728351633969,898.29885902606,0.2030404465567061,0.31640145275741816,0.003247868036851287,-8.149242191784919e-07,78.97608947753906,0.08570026606321335,0.20487764477729797,0.45066118240356445,0.3444613218307495,226.0317440309173,342.90569493392644,0.60271248022951
-426.0264046575432,162.61066258799718,-12.971063245604299,40.65484769519608,29.229684816124077,-12.659642727862014,2.449473540005101,-19.47053493049258,20.657554250710803,3.8774568251145562,-1.6824647048230004,-14.91854328861172,11.221846306273825,-5.422656063114609,-3.838018769599307,-26.718590331603142,-26.09888132536754,-1.563461752234213,-3.056848738629209,-9.906165951374025,-0.8856845028547125,0.9991921116046891,6.388495695748996,0.6618606468822604,-2.356159885218826,3.522886405687503,-0.810230087417092,1.9134193274847098,-2.6283885158598808,-3.4016931904019474,1.6266454533722798,-0.7595190536438589,921.5927294091064,0.17026327500254174,0.2481629978865385,0.0033300553914159536,-8.111520779145584e-07,28.180959701538086,0.06510671973228455,0.0,0.219619482755661,0.7803804874420166,169.37832307753183,175.23306608262442,0.5084947032937028
-486.47988086636974,163.00614860444875,23.366614157299527,33.51526224365592,21.53845854401372,-7.3611069269573886,11.835135107146378,-25.459121617920182,11.223816884478712,15.100310813013714,-8.425211609546912,-26.453650557694537,13.27471858803383,-11.866512293218447,-3.8818664750059,-24.272351020782473,-35.337737407365594,-7.445933805679397,-0.13045390400527146,-12.020912110734471,-3.048271607360082,3.142581346563807,5.023799722868313,3.2128234171942975,-3.4961932671597014,2.2796911326150724,-0.8360848673164125,1.9609766254231873,-3.3271154463151396,-2.306740351591676,2.1688478781008604,0.15291730628030856,747.2007451871226,0.20787504038211127,0.09479544125497341,0.0014116840902715921,-8.630752831338552e-07,114.72339630126953,0.09620773047208786,0.3216927945613861,0.39441776275634766,0.2838892936706543,29.447020919315268,94.71737727404411,0.7628384516996743
-593.0939585836088,103.05438165610587,33.14952013477781,19.805336889065305,23.789933070752877,7.0859815026558515,-5.784892488160956,-30.26160194400473,1.9386800669958957,12.064850257384322,9.320191308239018,-4.176205304446267,-2.96060723397812,-11.737440139049873,16.687895650056124,-8.5828447390845,-36.792238290569436,-9.653050210473442,0.7774138275109654,-11.234361257026128,-3.907241363582477,2.9781301637330575,3.5375124789590133,4.257230680432792,-3.0292862690508,0.4411001427233152,-1.366848241474752,0.9288061447627849,-4.300820996863842,-2.2104838058723426,-0.36484013184042613,1.1650251635900273,1586.0634802049997,0.18730208280581348,0.008291631005704403,0.023846756666898727,-6.197939779960305e-07,36.13065719604492,0.288839191198349,0.06261610239744186,0.40381816029548645,0.5335656404495239,4.825979612930976,8.989566422835626,0.6506848444182257
-544.7686720200231,127.88889321390378,-3.529835165219461,-9.634056103927607,-2.128192988888137,26.900334227057485,28.882487845966292,-24.697010386008635,-3.873002271433842,11.992522984375867,-9.030720472526935,-4.869042484495716,-7.943911033864209,-21.855982211405113,12.283986089261317,-16.673240290120003,-34.257909547632515,-10.771789284617945,2.417156767730571,-7.87862515881056,-3.44662048246758,2.3588076550594383,0.8734386482595504,4.163641451996489,-2.578429196292412,-0.7400457712392752,-0.8751802335491798,1.5177965118251209,-4.212835402436546,-1.2820281045682531,-0.9950443220996611,2.2724377842284955,1317.6745892116742,0.23116888858691192,0.0018656328320503235,0.012986776418983936,-7.067991921041126e-07,119.89727783203125,0.1743467003107071,0.22388537228107452,0.26252955198287964,0.5135850310325623,1.5335723278479012,6.060337889437255,0.7980523493210119
-631.3500312650028,92.01172947547155,-1.4246907512273288,-21.58784268444088,-11.009492184181426,15.751058572633703,22.221384911308213,5.900916461959932,5.342952630857782,-1.1685154643277074,-8.547245418823813,7.08490796031621,7.993017764548561,-0.016441792052346665,-1.5324975880269713,-11.049807734021423,-28.870860631828993,-10.743585656381253,2.4123879756194393,-4.740231072077547,-2.6988674044851044,1.7073820672258535,-1.047960951186884,3.6560998481251965,-2.409529817595545,-2.5561834312633844,-0.8333794234062741,1.726470819799726,-2.636224907249088,-0.3055044773359163,-1.6323741755896202,3.2297219654973093,1704.7766621680544,0.20312429530896628,0.0005319472402334213,0.04377134144306183,-5.92986405923056e-07,56.33174514770508,0.1561162769794464,0.11809149384498596,0.28775832056999207,0.5941501259803772,0.5259790576438578,1.3817329250831931,0.7242880149591674
-649.5913952417844,92.79213022143992,14.152905448202139,-16.350589523627118,-5.738670483449981,11.207636423225955,12.057005264740104,3.5143189816906046,-1.2938256194637732,-4.662981016309079,-8.324265445336852,-6.705550793668648,-2.158904195889526,1.6748382050915323,0.9613680107894808,-3.2403557549333004,-20.711045620313786,-8.831577821230928,1.0277971505977592,-1.1505030494867474,-0.25223981497262604,0.3587315935263329,-1.9540956162092864,3.5790476631806656,-1.3865314740574803,-3.1344366279374642,-0.2828310752618341,2.1063465403708723,-1.0877082486510936,0.7335149121402555,-2.0353981757262525,2.463710600391033,1674.4663788888527,0.2353661957050436,0.0006263041868805885,0.04541389271616936,-6.111175778949557e-07,33.06684494018555,0.07737783342599869,0.0,0.20433565974235535,0.7956642508506775,0.5835005536127849,0.8035463795613484,0.5793216944162835
-661.3979822703842,81.3637284979837,16.617326843245188,-6.885303339002444,-0.8400008337453326,0.004980938715589911,4.163036264748891,11.650661214236507,7.03742454218601,-4.116392372812316,-14.654568839408919,-17.549719991304165,-19.5372398361825,-22.310396385268348,-21.15379111340627,-10.78377446649168,-13.322704891427083,-4.975505495835167,2.642902512729806,2.3934147198985096,1.8843361430187404,-0.5202798122101618,-2.0811629392997983,2.484824912001757,-0.4091093866175941,-2.083614307673101,-0.7356022994083511,0.2184409389371051,0.09367189552744207,0.8851419035520334,-2.6664908275990715,1.1755891547177217,1686.6301827215166,0.24820110612436042,0.00042668264359235764,0.028743017464876175,-6.013291545938943e-07,33.088558197021484,0.12291045486927032,0.012844556011259556,0.16088634729385376,0.8262691497802734,0.532366208715254,0.8409292176534594,0.612344002249433
-660.3981893350801,88.92886744310549,31.55332636903506,10.00478817556358,8.769293484442601,0.3425300605853437,-9.088283329830961,-6.473884157958737,2.389318415770843,2.649984163090269,1.912376022994847,-0.301065498206197,-9.833433996424333,-13.489997106747982,-7.47589685558942,-1.1156898270205824,-12.317063608389136,-5.623871632303599,4.134082730863421,4.932255465563778,3.899603622874651,-1.4970265370095488,-4.2535090084077725,0.032655564001935755,-0.25014463804162074,-0.5537263955254021,1.0713350072211012,0.25503024730189716,0.03739402398800912,0.41966998598851285,-1.752932973963662,1.3106381537451588,1585.1759184428374,0.2595160166370104,0.0005813762545585632,0.0360867865383625,-6.387208530430153e-07,33.09596252441406,0.13205942511558533,0.030713938176631927,0.17879422008991241,0.7904918193817139,0.4229886910600496,0.7219407179670501,0.630554785539588
-668.2928901346172,76.63435594046294,20.920133722296548,2.2086906340609,11.541133869415432,14.637035272796748,1.6550293687864732,-6.876929224631175,-12.053685562279036,-12.873052341124058,-10.12558046329698,-1.490035365509911,-4.148348272510343,-9.383836594021124,-3.876610716656801,2.101986985441979,-5.291443296764198,-3.2053576888762763,2.636249427977546,4.898705475338171,4.073753208891499,-0.21901036934486254,-3.477148833329696,-2.436892500132756,-0.5575976974927163,0.6478626480698991,0.8300397748895053,0.04336279562559707,-0.01166812712779558,-0.2123698712861668,-0.5562647693875844,0.2821700928373306,1852.0375913979176,0.257893746356861,0.0002832729369401932,0.04254695773124695,-5.625111984354786e-07,67.1181869506836,0.12227940559387207,0.185068741440773,0.40151140093803406,0.41341984272003174,0.4709692698946617,0.6886035698422768,0.5938424446009738
-675.4196200989463,72.48951370248818,25.903526059881457,15.960144216502812,18.95034464615302,9.571998140047537,0.4437322208349803,0.1390894881655258,-2.634659325861689,-7.804573019403003,-2.028066302437039,7.001588588426608,5.677226518629427,-1.2384951739107437,-4.204194482094785,-3.1755993567439966,-3.004582032732576,-2.5361299315839942,0.9707998898550727,3.542972265361336,2.9911429047190174,0.3295720832441492,-1.9607983764725572,-1.9266099402810835,-0.5248593500773168,0.08255903587294486,0.14682105290550243,0.8656456680176554,1.4640531908739145,0.9240071684290059,0.23709742914581158,0.02050576529678305,1905.52505858844,0.2720900286509505,0.0005013132467865944,0.05765993893146515,-5.468099321966771e-07,66.71056365966797,0.13122998178005219,0.17760765552520752,0.40332210063934326,0.41907015442848206,0.4261315784026999,0.5713510790298563,0.5727929952190548
-673.7731929376915,78.62583631422801,35.19551943992902,18.023796363171552,21.34376797098153,15.55132462533952,-0.103769938905798,-2.7303295414011206,2.650815146312628,-0.3175152113296946,-8.735826655300013,-7.116214186033988,-3.782066496773562,-5.448520634945888,-7.661958554503227,-8.179301960060567,-2.7156779590805993,-2.334141694013957,0.39827499083112833,2.613277968882862,3.025560563806112,1.9573478789590837,-0.4617677356608294,-1.6898338908404955,-0.7794810865736441,-0.01440905793888625,-0.12137134023696368,-0.002376464155025626,0.8330767986409089,1.3479793004070835,1.2402771746162178,0.6533029418566446,1639.7712573093788,0.27701138656551255,0.0003579258918762207,0.023192493245005608,-6.171013981185098e-07,33.33489990234375,0.1589953601360321,0.07024940103292465,0.1864161193370819,0.7433344721794128,0.37796991712149247,0.6144648825496806,0.6191488677677096
-683.0694154967044,64.90388999913854,24.065236128762074,16.21218123048892,16.6611249972677,1.7545421904538108,-11.742642896546595,-11.414230066979346,-0.16287434933406608,6.808337855371224,2.900393897668838,-1.261238012700804,-6.316975726229996,-13.261846547717933,-11.149426648081654,-2.4203658764913345,-2.140252153110733,-2.092578948339192,-0.46277862889174026,1.2536094833088305,2.093441258285748,1.6638748818047826,0.5734528658717325,-0.018035895529957074,0.28202651724135624,0.09498297524758151,-1.129569924386166,-1.5333785293485047,-0.29656382782720386,0.27340873146520944,-0.054070552214724385,0.036492885721756296,1959.9295651574116,0.28099935569612533,0.00033850595355033875,0.056505970656871796,-5.355169790125013e-07,33.20781326293945,0.3829333782196045,0.10921148210763931,0.24774141609668732,0.6430471539497375,0.2423066388224232,0.6711102236653698,0.7347250212104975
-675.6702025006556,70.32632883608564,22.80815643696239,13.52727251872283,19.659812145861732,9.475184843862358,-12.335712253511325,-13.918807287241183,-0.4199271507854154,0.6601358178425552,-6.489403813431988,-3.3903011153190112,-0.8187022930809325,-3.493289655108292,-8.357215007512565,-8.219507621077643,-1.061790751123675,-1.0165502302999272,-0.16596200041528056,1.0406135356855646,1.4263897850149634,0.6522686574692137,-0.28462320445729195,-0.27455334962356776,0.8826902709244062,1.3340322384455376,-0.03556387705030323,-1.5888507870375272,-1.0777322493328814,-0.25813104743929616,0.1958095906619309,0.8484305197316729,1888.9111621363554,0.2796776250955865,0.00022702571004629135,0.06755344569683075,-5.505642275657899e-07,21.974817276000977,0.05371655151247978,0.0,0.0,1.0,0.2882017136324556,0.5900196193944304,0.6718347610173202
-671.2502717784888,74.54284962264578,24.246980291468702,14.427089603758622,17.3570390708259,8.113986339958188,-3.2140293833722002,-4.77420571271458,-5.973730895490414,-12.22505274979513,-13.087270810573253,-2.4537989680143633,3.9131909308616444,0.32421141462273995,-2.2965007757359035,-1.63330914843107,-0.2611416603709771,-0.48216753923385736,-0.8385963743114078,-0.6437326553480988,-0.14207479347591542,0.14784778093169837,0.01595852470353537,-0.2224409146735444,-0.5607774566024475,-0.6804843144120232,-0.9289466008079263,-1.3566135066339515,-1.0583728478410421,-0.72651564635661,-0.2842925226085304,0.7217587956870131,1963.9879584870266,0.27421161118669163,0.00029957108199596405,0.0745706707239151,-5.366230069569589e-07,26.255340576171875,0.10790605843067169,0.06646367162466049,0.0,0.9335363507270813,0.351852121633745,0.5393979522760145,0.6052150435284332
-688.392984791578,62.1915359311452,27.586772389333806,23.274839927266697,34.61556420755704,28.071896115437838,2.8727943604866755,-8.562337062212812,-4.817330222851425,-3.5960723554084253,-8.275607192746264,-12.954977326087022,-16.017328980533204,-12.390798896194763,-2.457570367128543,4.3759230856125,-0.7370090695697832,-0.982425391110522,-1.0561405452676313,-0.9466097588420285,-0.7221178156522552,-0.4654236563344911,0.14422873840957884,0.09092606879670623,-1.0894330967232198,-1.368602466392164,-0.675797699735857,-0.6737028896566885,-0.707907996287824,-0.4672897614030194,0.14084939956292436,0.794758743021805,1749.5016243067084,0.2767177430327654,0.00041668955236673355,0.03017265908420086,-5.90523723947644e-07,26.248172760009766,0.32854992151260376,0.05769952014088631,0.0,0.9423004388809204,0.25623554989415004,0.6433067818014067,0.7151489809143624
-679.0373224085083,69.42050713446272,23.53678157032905,14.89997672277596,24.082731349066115,17.472548501090223,3.487052295224845,-0.2265996758217953,3.629671028909352,-0.9171790895797314,-11.450656252109578,-10.906821457459188,-5.238979139854509,-8.403805447365754,-10.131268140883586,-3.0348423052243243,-0.40770010310439647,-0.3828563661153085,-0.5022954860153159,-1.0231492539561593,-0.8085496178941796,-0.21832599189426485,0.3854988849592657,0.31085131417779477,-0.8771726158946558,-0.9815184904772958,-0.14826481584498363,0.17393454805664976,0.06401095981505975,-0.19414373741393182,0.09083996226448435,0.8851514650845005,1762.1576523796343,0.2886091178482133,0.0003002164885401726,0.031669821590185165,-5.88080399316541e-07,29.269248962402344,0.06008783355355263,0.0,0.09717833995819092,0.9028216600418091,0.2841143135354123,0.5458236809447208,0.6576680240872942
-677.1513646719116,69.49526769764773,23.9646995678526,16.433770414274505,22.27781398077775,10.64550558162768,-8.51724428185514,-9.464964924154545,1.6752075566298879,8.369512011522502,0.17471028898652435,-8.673967827803557,-8.56708819103369,-7.807194960480038,-1.309587174410018,8.248500287925713,-1.344240285702214,-1.2359362885937566,-0.3978656119847822,-0.26844929618259844,-0.5487320929743194,-0.7709170401639717,0.05682359991399702,0.5984997749165472,-0.06605970021162894,-0.19628038929708733,0.32002142361065106,0.42148075263059387,0.26790785151625957,-0.020068598278690633,0.23223729624249764,0.835428419874809,1892.5354533457723,0.28116846735734985,0.0003517940640449524,0.06595227867364883,-5.526692096015545e-07,24.11524772644043,0.08203601092100143,0.0,0.20101742446422577,0.7989826798439026,0.3202512713543275,0.4191118029483458,0.5668551994480236
-675.6384671752135,71.88031673498855,20.81726864039132,5.71588424967463,8.668947045344089,2.960898163594815,-4.423758400785205,-5.079480446708441,-11.11153740374155,-19.600297636934272,-15.023092103053056,-4.965338004684288,-3.348941549615779,-10.571867365013752,-15.216851269987686,-7.511688569734554,-1.3603502772040332,-1.2951319161221568,-0.4465589967386939,-0.30882152677190805,-0.6663628436071438,-1.1584129417185802,-1.0237584953242163,-0.49551985236844887,-0.27344629947856913,0.011224217635773137,0.34292568855120875,0.40559157882197405,0.2547700436234593,-0.1487620666919009,-0.6745765820018246,-0.4754170812313879,1785.1833238399802,0.273075730565034,0.000248822383582592,0.03282644599676132,-5.80131775956712e-07,24.13064193725586,0.14231358468532562,0.0,0.22001340985298157,0.7799866199493408,0.24364691571829505,0.48766076965691857,0.6668339187584408
-687.7141964792237,60.353251586947394,21.38866499203243,10.125401988621674,13.515710213122352,4.740401891300733,-7.014006640060513,-9.481323415420224,-8.927601848537643,-7.721732099876851,-9.17138834162162,-9.68859355829322,-10.464476606896165,-10.136394574836318,-4.063771169894192,-0.3230494601044459,0.36823434296492646,0.01050369353012641,-0.13311949755511923,-0.3525452610172676,-1.004216047743098,-1.1675731111124898,-0.5807181379864623,-0.10335494771776586,0.01830550247042334,-0.45249131706726026,-0.16757794445670382,0.8714828343644372,0.8662202064306617,0.24100063111885012,-0.2393914421752535,-0.8376614799793936,2167.1229844272602,0.2783311501346472,0.00020511355251073837,0.0781155526638031,-4.809608515563706e-07,87.46983337402344,0.1582908183336258,0.08252610266208649,0.5012078881263733,0.4162660539150238,0.26704623981385034,0.6390764446649094,0.7052868840079126
-680.7682288908986,66.14618594646558,20.2157964531388,9.482215374012448,16.569440747845274,8.963881248095287,-6.499064662953762,-9.701278925695782,-5.993938755184487,-0.9318122116618142,1.5432413319430127,6.257016684143696,3.6460254492211597,-6.889535513241324,-6.833730643381909,6.905607889119712,-0.07214324989259888,-0.02614441588539368,0.5741711400566178,0.3490671452705595,-0.21355705236938857,-0.10810315967031717,-0.047774211908765796,-0.09916676846975139,0.3364655147301425,0.4796982347229812,0.7092900580701721,0.9779059455529273,0.29285734937675856,0.06369707121437747,0.4321940778565855,-0.18116588795927516,1947.8632090550188,0.29213165923188666,0.00022926367819309235,0.07146967947483063,-5.377396805879283e-07,21.94090461730957,0.029082022607326508,0.0,0.0,1.0,0.31803122934636585,0.5764522773331691,0.6444526623783725
-689.8844469163823,58.388972036281885,23.642492067073206,22.079930835891336,26.42290256663027,12.56766775674237,-2.098478620839089,0.4267076155682942,4.344771161816541,-4.020390916140893,-11.320967028985876,-6.719764312069277,0.15135400651512065,1.0308048853421734,0.6037630205182535,1.3764287378674316,0.4327232616801863,0.6267834708223725,0.6396245883139985,0.15886130590474393,-0.024025139883025,0.11550412376042514,0.1257085733243941,0.23861388779507714,0.8112625396979919,0.45295614671938295,0.02621215328193377,0.6083693844799285,0.3465241078120094,-0.26101893196941,-0.37644343085015664,-0.6354042260440343,2045.9279511875748,0.2847991301624115,0.00039516203105449677,0.06411900371313095,-5.112930098659339e-07,21.938232421875,0.05312231183052063,0.0,0.1756197214126587,0.8243802785873413,0.5091371263307783,0.4990095173078325,0.494977115141507
-687.0307681499229,61.89045842363457,22.811306784633913,14.97692130150649,19.453263889938096,8.096573032280297,-10.224703008600468,-14.207357758823726,-9.484494182831122,-7.708322975818303,-9.819789739499676,-9.374597684377093,-8.35992584564493,-12.14825748538162,-15.671372296378166,-9.342282266257564,0.9363222602380071,0.9415360392838865,0.6202487147478621,0.5736816623493318,0.30965784234245547,0.030268530915985636,-0.2324214229218368,-0.1025039056358919,1.2675788635923138,1.9101150940532867,0.7193617776202688,-0.13030235326042125,-0.3149101371324106,-0.26838063373640025,0.19611394509514898,0.09279963625165386,1867.7968937787227,0.29008128456351506,0.00062587670981884,0.03941997513175011,-5.571125090508146e-07,21.944442749023438,0.050423044711351395,0.0,0.2422952950000763,0.7577046751976013,0.40158619695021414,0.7594442147700617,0.6541122498632987
-669.2254037898865,74.98330839503188,26.445557812481198,14.164289586066916,18.976756367205034,15.128454191675473,1.7552825035928405,-3.4174793658424374,2.6786947582776874,-3.762254089224814,-10.406170943817063,-4.814593070506175,-6.791278703214106,-11.307033286754326,-4.945819137251991,-3.6267074829878925,9.1931754885395,3.541991717607206,-3.357409709729428,0.3673554162596264,0.22868556056003164,-0.9734162413833486,-0.658284393777022,-1.2687189065569922,0.8885899473917624,1.3522171564863559,-1.0821851836748455,-0.33520595201080516,0.7565646539118066,0.05022079156420853,0.4091938491402731,-0.7847642054382429,1831.6395613510397,0.276393368457052,0.0002703992649912834,0.039989326149225235,-5.698738183182373e-07,66.57923889160156,0.3317233622074127,0.11287399381399155,0.32229945063591003,0.5648265480995178,0.49868007454474034,1.6167107030431502,0.7642610151144893
-679.8252287217717,70.39830941648708,28.728229146825377,14.218943785256696,14.73621226303084,7.964135747796467,-3.2623656733903523,-4.162784473291634,3.792423485581878,8.505796380333498,5.060099033610065,2.3296591861521003,-2.3264415204060653,-6.827075439305064,-1.8608060353111966,3.6445025023402904,7.151326726004959,2.7759973718738835,-2.5180782494562797,0.6321057303779101,0.6958048565998813,-0.8777697544666295,-1.1772931371062745,-1.7448905982534788,-0.057155494504642995,0.6252334248742293,-1.0290557884151612,-0.295311072897412,0.5614950508750045,-0.004304243136238468,0.42195070157755965,-0.3520820417629195,1924.7503652402277,0.28133694923323954,0.0004756702110171318,0.062116995453834534,-5.440042817775656e-07,67.0505142211914,0.2798651158809662,0.13115693628787994,0.3929094970226288,0.47593364119529724,0.45656111475046357,1.4101117587465457,0.755414501794765
-675.1992061167026,73.75742872552493,24.448524019638867,9.04627507056298,13.915509106702766,3.648440153649193,-10.95589521295037,-8.478680903797903,-2.264334461388817,-6.201327614924482,-11.036351695323418,-3.548771605495249,-2.9712127238853427,-12.631073035308624,-14.322838166241771,-3.9359048565048904,5.481970356476064,2.4402177773018736,-1.638479794756402,0.29329908965139295,0.6052554690106643,-0.5119084809928492,-1.0759770734127827,-1.6512342244630736,-0.2918181566529948,0.6562380282823489,0.13591777583702422,1.0893114159413797,1.2917135648327955,0.07471797376509828,0.13754452784028992,0.05028152641229937,1862.2949907340321,0.2790790060044101,0.000445706769824028,0.041230861097574234,-5.626720797008612e-07,277.63897705078125,0.020574504509568214,0.49388962984085083,0.20209845900535583,0.3040119409561157,0.2597245558523431,1.7114126101709113,0.8682361834938488
-676.6161369097216,69.67557864561545,22.869122307709134,14.741000480292605,15.792116302559137,4.093573571989389,-7.535453090835052,-9.177221395812953,-1.5719670097169347,3.1277869074240696,-4.821070795598409,-10.037353829584063,-8.970649856614134,-9.67333851964953,-5.67990861089256,-0.5287157300558706,3.055642633638416,1.3061353687404311,-1.2560753999304621,0.18284598301902122,0.9459413166192613,0.01179933110248614,-0.9499750214892684,-1.0473121937518797,0.10274642348532068,0.41906620376022696,-0.42506631808020334,-0.04167699772532059,0.6903140441278106,0.8712688662494013,0.9783654824163062,0.30195858605632236,1883.6713521760732,0.27180256380586215,0.00150283332914114,0.05259394273161888,-5.522120315612669e-07,26.991779327392578,0.3646214008331299,0.036577917635440826,0.06222531571984291,0.9011967182159424,0.42202546711756833,1.5353649604718482,0.7843938229342906
-562.0746383938916,101.02489173385842,-32.84472161166743,18.39796666453258,24.961946592178,-1.7153878497025197,-13.422857263551759,-26.963599222887147,1.0700919477375568,6.553764418457913,-24.493211861196897,-7.007465524078789,10.39941196504792,-1.794586997760774,5.2194290709561635,-7.109299222259701,0.4201321041844515,0.1215168044749172,-0.2755496828579824,0.5088211039312773,0.9636892790750613,0.36741298768205516,-0.4073597630678005,-0.5386175169343529,-0.6362732156287363,-0.4472751100043133,-0.0014523003789834385,0.3999585476906826,0.9346699202208479,1.0411273441269868,0.15738724666413764,-0.19624341763068304,1661.4020384190858,0.22182512480344585,0.0004508392885327339,0.039449188858270645,-6.148819059417464e-07,32.596435546875,0.09888307750225067,0.0,0.15409182012081146,0.8459081649780273,0.36671855322712765,1.5427453292191613,0.8079468501088849
-673.069549431089,72.22311655777771,25.280383657023073,23.12273849768309,31.198116186497742,11.381129875581541,-13.832008267260276,-16.581675567672896,-7.115768043835362,-4.292213899693754,-6.355226154200181,2.0580492060404048,3.732753254099035,-5.741504793685161,-6.617696743042307,3.6591893080496707,-1.5354674223292193,-0.7292897143890276,0.4205691661023767,0.4504729524048115,0.9728444977389944,0.8743266048296349,0.2611829027805092,0.48529772379154523,0.06371030048066173,-0.4514655754371392,0.18865470954907582,0.14345644807495636,0.1979562707630233,0.7050743459572157,0.0823786841352708,-0.15052632320354012,1791.0736883466598,0.20635356189903079,0.0004273112863302231,0.047002241015434265,-5.79346215611196e-07,32.80705642700195,0.05603199452161789,0.0,0.21514788269996643,0.7848520874977112,0.39760945418040133,0.5408632340176882,0.5763228283778512
-672.5034612593769,74.40263611850726,28.3234039132887,18.12270157053797,23.436524257001942,11.81518447401447,-6.8753140401024915,-9.534398235588238,0.3363532368695672,-0.5524091846130821,-2.3668101644130957,5.233611239958643,3.5232549041200802,-6.698147401364358,-8.251174187088033,-4.835851618943559,-3.8013067647566556,-1.36109601497091,1.41658458704049,-0.3870653860444462,-0.16899100418251034,1.0115316961032326,0.8940569947004213,0.8709576791121212,-0.029614761789630933,-0.16386825868897242,1.3362230885424444,0.3536420067853421,-0.6326325187357839,0.32399773305351615,0.40514764559044336,0.5472751440280041,1835.9701151314464,0.2686752454300108,0.0004188353195786476,0.05281871557235718,-5.734333616562249e-07,32.60816192626953,0.20646020770072937,0.06732828170061111,0.19892798364162445,0.7337437272071838,0.4731429708656621,0.5781127321067501,0.5499258938354804
-670.3965671192731,74.18872383940581,18.609025362799088,7.960981803732919,19.30499638877707,10.390975224008733,-12.09981911358268,-14.498676385829619,-1.5660525270681935,-0.61948146620567,-13.153427459882206,-16.535427413403784,-12.113368948714282,-5.787795737879995,-1.0239952281904738,-3.120040184861966,-4.814734535055475,-1.611938672062597,2.214583289753855,-0.5360092918705174,-0.3181298271273973,0.6031137285574547,0.01618272520098432,1.5220485899292266,0.2041836482821289,-0.3334275339451027,1.087724939836958,0.3532168561387307,-0.80662121188598,-0.5578591605445411,-0.1911021299536663,0.1598339690991772,1768.4039960079344,0.28044943393303134,0.0003855787217617035,0.03748563304543495,-5.834933155431711e-07,37.43559265136719,0.2779116630554199,0.05710899829864502,0.3303798735141754,0.6125110983848572,0.4396181216611926,0.542733837090486,0.5524840992633269
-672.2294377273148,73.00376147043487,27.361460123477777,19.85642987684379,21.393499912887037,12.914258163666421,1.8068243454024464,-1.3658509765940865,-2.7609400572653873,-4.59688136776138,-0.7190425051873303,7.918557912887911,8.14588107964877,-0.41900414938155595,-6.0140034991699025,-2.093954610353496,-7.269551655881226,-2.0836333645325853,3.7293634691947264,-0.6866657701035007,-1.0701297180575042,0.20445272714752125,-0.06561560139138177,1.5508390245069683,-0.11330725474573551,0.07768622361167188,1.7559950036678962,-0.08039503592029104,-1.64745191265239,-0.9112420268297619,-0.31329600280978753,0.37358621975966755,1879.9072168534624,0.2702532556976294,0.0003182310611009598,0.06383048743009567,-5.621555551735875e-07,67.27909088134766,0.11768531799316406,0.20770396292209625,0.5025768280029297,0.28971919417381287,0.36512569122561844,0.6056932455991801,0.6238992902015138
-680.5871455276039,64.42320544891183,19.690081651697835,16.327247578396758,22.345302165162597,7.598327405789146,-8.271364594935832,-3.9145138136377144,5.301009626091858,4.180655650986704,-1.2134843078099173,-3.9302236306104237,-4.404519000329269,-6.126893204376004,-5.817057650426031,0.7324452962476555,-0.7584124751579069,-0.8889792677281377,-0.3227556449061499,-0.5946097994954583,-0.8860613063804452,-0.3963609697404814,-0.0864377018731686,0.3349375521136895,-0.05645007068649027,0.7012920678695511,0.9566763509174399,-0.08741899639800571,-0.8143839793338086,-0.5443165565974468,0.2848103331723761,0.04719959164910523,2091.2169672519667,0.27803531282742733,0.00040024053305387497,0.07372398674488068,-4.96894065653447e-07,26.594860076904297,0.10112643241882324,0.0,0.0,1.0,0.3055621358654495,0.6451951888301377,0.6786118519115442
-674.8313970358831,70.79943170979377,19.64632202323807,5.111816523650113,11.223257936088167,9.12556587605659,-5.040994757264975,-12.680970322354874,-7.3352012417801955,-4.791863268193417,-3.8862295846124035,-5.639131716567654,-10.797002653732843,-11.107159714101929,-3.924470796384944,2.5144866014623326,0.3384336560233051,0.09025888980606846,-0.1029727650308033,0.0907544989079822,0.02783424201522637,-0.51423740048209,-0.8516289028754341,-0.15252665061242476,0.11881370440107664,0.7101086951551645,0.31988497773012786,-0.056351818771295276,-0.33733317843456234,-0.6489753478154737,-0.0787790425161894,0.2772995377814624,2041.722948449994,0.2845372947083731,0.00033924728631973267,0.06254910677671432,-5.190908198437756e-07,24.0812931060791,0.1513046771287918,0.0,0.3082081973552704,0.6917917728424072,0.3020390975971872,0.753499675939495,0.7138531476345709
-660.5792937888182,72.41526779917604,19.75522587795317,19.62978709096341,26.261348484411855,6.626197018515084,-18.529965525073834,-5.434181914039899,2.360692095223439,3.4102779336828717,-6.9432462434839906,-3.4424515930433564,-2.2596774874862753,-12.433887998212057,-2.648127877979392,-4.571147807606248,0.0252023959674985,-0.3348289877103729,-0.5079216951781731,0.1529664983543434,0.4406064766660677,-0.23962913536148184,-0.3456582363671127,0.02660069796434504,-0.09122032475188979,-0.26636220968133517,0.09826648628015715,1.0091562605235926,0.696266771335285,-0.6904282761695857,-0.8865976089048923,-0.22509960208135532,1891.6882087782144,0.2807672612593869,0.00041129812598228455,0.06034671887755394,-5.537779997478658e-07,37.409881591796875,0.2837616503238678,0.05578193813562393,0.308334082365036,0.6358839869499207,0.3903858198871802,0.5434051022777369,0.5819344452587921
-676.7739924734773,73.86925963680116,31.307875633356517,15.131569747797803,17.95913331424036,6.960573953843978,-12.757896612142787,-13.13438869517203,-5.617850276707708,2.8618816600925947,0.0624521828659822,-1.8029449310055226,-4.585127376718731,-8.154649473819237,-3.422273709780492,0.02895643039689766,-0.32535414930682444,-0.5933533867988885,-1.225858275676055,-0.9075016354747093,0.015443967204387857,-0.1255664877527789,-0.49209034114351896,-0.22693927884993154,0.32120488835709776,-0.6344237730411968,-1.4042689413402591,-0.37433561020744177,0.18809593825192766,-0.38548259034696164,-0.9315449943722872,-0.7039745168273445,1831.6709621271002,0.2745074216052139,0.0003322465345263481,0.05326826497912407,-5.536223781305863e-07,38.196170806884766,0.06073608249425888,0.0,0.2565349042415619,0.7434651851654053,0.2610216584474686,0.6133708510129806,0.7014822798418824
-685.5009849859676,60.72627036341039,19.55637946086285,14.298691066989516,21.079624244244577,11.906235394251475,-5.789608884915149,-10.561086840734374,-4.3166734839668734,1.7003147599839887,3.8596785107592653,2.867115885477119,-2.5928445225475847,-6.818791566959578,-5.677533954239104,0.29202065419908996,-0.18528908591987353,-0.22543498711109342,-1.1440020939004722,-1.2076359838947128,-0.27799281310197493,0.32317468561593166,0.7081946554190068,0.7148128879469426,0.9393762566719599,-0.3316241109744855,-1.0843491812443435,0.22603876965844863,1.4048160001628818,0.6948029904260877,-0.8434567970776808,-0.24482210968843493,1982.9310444532896,0.2783528194615442,0.00035714637488126755,0.06133810058236122,-5.360993451606325e-07,20.41403579711914,0.09876931458711624,0.0,0.0,1.0,0.12637719822157512,0.7417557506538521,0.8544264465652603
-658.8283285806216,83.42259490184566,24.078803052775626,16.267532293096586,23.26123871514073,6.185053040830805,-14.535394543427529,-8.511304269206525,6.345059012997993,4.822586988471109,-9.286671836550422,-5.424765103216513,-2.847842242050373,-10.21495938610892,-8.030803118100767,-2.970961425929138,-0.9164567860944165,-1.0438487353577992,-1.4575028871537026,-0.6720850923427568,0.005946002222511994,-0.043190265154374116,1.0925793027565014,1.8610704875514124,1.5207280971141168,-0.544039100710792,-1.2750991990022587,-0.1989997998289149,1.2845844402263562,1.186179994519175,-0.7847705850928326,-0.2551964146837416,1626.7075533032767,0.27451288920817046,0.00030474085360765457,0.04166271537542343,-6.248213320569689e-07,29.228456497192383,0.27235493063926697,0.04176205396652222,0.23723527789115906,0.7210026979446411,0.3717689909886795,0.44699575520043794,0.5459391812861363
-677.1267944512001,62.433174511191,10.603655431040988,11.456492416525172,23.462159552998777,10.230736022035206,-4.339680883757777,-5.303934840152493,-5.38435288728283,-12.352781665170209,-8.777460018311718,4.251692302094115,4.117119054444977,-9.189431831657142,-13.005670767310285,-4.997184240609922,-0.8145309098654514,-0.9398921794013305,-1.8378855695500782,-1.6646565024097637,-0.8857146442143127,-0.3020759989097534,0.750016139665749,0.7519130009521927,0.6440738841646971,-0.9467512384898864,-1.8883807718261219,-1.867354184597805,-0.48391724870699404,0.7142743420733082,-0.5902145381929331,-0.24598187750453224,1984.8216722413783,0.2669361177667507,0.0002559050917625427,0.058730147778987885,-5.285135675443179e-07,53.18547439575195,0.08009297400712967,0.0,0.12128792703151703,0.878711998462677,0.19880328685913523,0.601449567964931,0.7515744109368512
-681.4761247025634,62.20665163465763,13.621876743333392,5.651887837397078,16.063957050591256,9.206701208868989,-6.9611828220922725,-4.5309811843575325,4.9003664205305775,-6.092894311169189,-16.110604905006667,-5.51748836605781,0.6848031652710888,-5.754213305934751,-11.785200897168178,-6.829418311876074,0.24378276355787443,-0.5492123165198517,-1.4639951642756834,-0.7768533152589617,-0.2972221700677684,-0.6729915685174236,-0.46773999215934337,0.6685868851236398,0.9355351388784123,-0.8149992075608176,-2.54163917444261,-2.257176462263834,-0.5001014289191962,0.4765077150222028,-0.28581815804206634,-0.8551661684579865,2189.5779254011964,0.27767699383700306,0.00027576927095651627,0.07482003420591354,-4.720468836707395e-07,87.9331283569336,0.19377566874027252,0.04253512993454933,0.4134347140789032,0.5440300107002258,0.23213389231412568,0.6297346083954081,0.7306620532911676
-674.5956017084147,70.08897852632893,13.431437571720577,1.6103110355602683,14.618953748237104,10.776706916912053,-2.8590715528671056,-0.5257069913666637,11.09677289826488,7.573420735933167,-5.0560526439114035,-3.572491503132068,4.433647083228287,-0.8267087593151102,-6.242458234258298,5.031040016508283,0.3306293066180222,-0.3502333134065114,-1.1269158819939318,-0.6619582701516851,-0.23493472895115677,-0.8843764047520861,-0.9354173927885886,0.50448698037364,1.0533082072152204,-0.03518160215615971,-1.3633569970765131,-1.6564413403364397,-0.944750892460441,0.1822548351445016,0.4637883145674281,-0.3360623757310235,1975.524948272505,0.28560321499812985,0.00026373472064733505,0.07201709598302841,-5.364682583144298e-07,20.429758071899414,0.0877600610256195,0.0,0.0,1.0,0.27626213431368113,0.6539582908152557,0.7030143320327666
-677.8084994067508,62.29099559818873,13.607800398074016,13.995537797877574,20.396198326192916,4.660640690484814,-3.6663145903871106,5.937739043358658,3.9314711148603134,-8.084144788623572,-13.182299593121645,-7.015471168062948,-0.8606856436164818,-2.6274022432548696,-6.986784008606611,-3.7636118920409483,-0.5654427157019781,-0.9527014794070245,-1.0016466646783262,-0.5390054586741471,-0.09997150499092042,-0.39001225156965463,-1.0129805175108935,-0.48798908476480485,0.20897196395488213,-0.18245011962013044,-0.9029376618097188,-1.4349005213172712,-1.2098155700603122,-0.42941323074950877,-0.2988919761937024,-0.37500972293518586,2157.3753281583777,0.27819739544834204,0.00034392159432172775,0.09006170183420181,-4.931274990485826e-07,38.10063934326172,0.1052004024386406,0.0,0.09783244132995605,0.902167558670044,0.3681960488933889,0.5554220293384227,0.6013546534317854
-671.8121198451358,67.62321487245315,11.138701283095573,4.510064646896636,16.17748572637386,3.6293591790483224,-17.457231542762194,-14.472353399551135,-2.4857407289811473,-2.7891534701928107,-19.171545144435697,-24.300385174202436,-16.708174672636176,-9.97643621390149,-7.606901641977349,-6.82134518801371,0.6890641942868728,0.5492708156773952,-0.31879221903141686,-0.9007567998608137,-0.5920482828674563,-0.3115560752175302,-0.8520090480518903,-0.5595114589164325,0.303988387140787,0.6025522105949283,-0.03738354657026814,-0.8697109808013083,-1.3442809622646659,-0.9206380850297047,-0.3000478474138363,-0.4799721346934111,1888.498794239422,0.28459815839081004,0.0004481477662920952,0.034769486635923386,-5.599025447284111e-07,264.9269714355469,0.00551636004820466,0.6010041236877441,0.21772165596485138,0.18127432465553284,0.2999265350268862,0.5453181706501462,0.6451601139735644
-674.5266126483648,69.11021515526531,20.18976259472764,14.417782426833774,20.820726297291202,3.6990710389387766,-16.82797181039053,-8.591214117683915,4.128489742911092,-4.524189992415568,-19.771255657691405,-12.533567086473592,-2.572861504352999,-4.523259602792296,-8.475333002617878,-9.574242546036944,0.1597656638062958,0.3876869322505199,0.4161266091652839,0.14214390440991156,0.13547986184014377,0.0843295583202209,-0.4404749433678496,-0.911297505925192,-0.909189176156916,0.089434507139665,1.2259993916168659,1.02570386786575,-0.4304787880371566,-1.0777562557784663,-0.30454415670455726,-0.261839973110806,1818.0239007055206,0.27629645170251643,0.0003298567607998848,0.03564083203673363,-5.608257439616404e-07,29.123329162597656,0.028574958443641663,0.0,0.18883509933948517,0.8111647963523865,0.15246131331677526,0.6252570518756381,0.803963336677725
-672.3420759628752,63.59094930073414,5.305417734777418,7.1439308091054965,21.94526421777642,4.9422793754786944,-12.3663785549458,-0.9668205260014573,11.93829432409333,3.8986719851814975,-4.262272344441956,-1.997368293477094,-6.171324396964754,-8.741944451827319,-2.286300607146712,0.349174727057707,-0.02017648117318495,0.6713817910544803,1.2704085522414392,0.3137071543467833,-0.16125101837509176,0.5309817408195914,0.6042415266355027,-0.43400722065140623,-1.0230235667787033,-0.29519102831322563,0.985948260938783,1.529584885572642,0.349943278412486,-0.6877677270595607,-0.2720941596138916,-0.28279961726642927,2162.4485407740094,0.2731284356098415,0.0002782866358757019,0.10592766851186752,-4.867190451856214e-07,283.94610595703125,0.023377662524580956,0.5303240418434143,0.21442574262619019,0.2552502751350403,0.10728702650828492,0.6896417964859473,0.8653743930289978
-675.069134675314,65.42840077174804,10.31702250125754,6.308985920996698,20.131320023809533,8.841863771634412,-15.127144561077007,-13.567198207582562,0.2692198094103522,-8.296463651439945,-20.85792901762508,-13.571464698321684,-6.364455430619591,-15.31981837014855,-21.86753347647437,-8.270368077496713,-0.3563589039237435,0.5754249608175608,1.4889997954767822,0.29527780401431847,0.15647092493712486,1.4265037364016422,1.5874026403707093,0.24079062645099403,-0.8254825034504034,0.034057054101508694,1.5212479622952715,2.2671982152869665,0.9207771868146022,-0.7568885962064086,-0.1823909334279054,0.48927901400828244,1887.2448411678006,0.2704878677405192,0.00017645396292209625,0.04751357063651085,-5.692441688624405e-07,67.4365463256836,0.08338281512260437,0.10961959511041641,0.403857946395874,0.48652249574661255,0.2807785644958994,0.5208313092757682,0.6497316541588946
-673.5433086197004,69.80013461706237,10.7179321964348,-5.420054188098413,7.761625852528997,8.988629155301377,-2.9512774942573725,-3.0666488989021667,2.178817508242224,-0.7144358247193847,-4.527371265994216,-2.161527785952426,-5.0296217273263455,-11.393217122801897,-11.55058060909116,-7.32246362857132,-0.780300343424204,0.2925930985224998,1.7031326612639865,0.5986806469634144,-0.43051723865290187,0.26704833512817505,1.4921592728420172,0.913912200586384,-1.0111724043238022,-0.8707095968088279,1.2416086716270658,2.223781494122429,1.0074184353477453,-0.6203921811298468,-0.5606212567768158,0.2260718575852228,2022.9040752737396,0.27128403351667285,0.0003426792100071907,0.0854901671409607,-5.147600549318779e-07,67.31063842773438,0.1713559478521347,0.12061237543821335,0.4579712152481079,0.42141637206077576,0.30888449870033713,0.6413133767993882,0.6749261320565576
-681.1060528982883,67.67795235651545,25.00261474776476,16.241629719177986,21.929645428315546,9.393861315197917,-9.041450778176463,-9.918651935500588,-3.8238877898498034,-0.10128121602019124,1.993371448061711,6.512089408991738,1.4427452772134162,-7.958090747068351,-6.262046991385667,-1.0311420607684307,-0.9211798122011124,-0.13857954784310564,1.2394499945674757,0.38105338301388103,-0.42659296489232423,0.27014400642774344,1.228031208328058,0.49721791673806925,-1.179376766030291,-0.57205470409846,0.3633427760747671,0.1826853812845728,-0.18566575356811074,-0.423005661796373,-0.0709334987111929,0.18953749415688126,1899.0304206090514,0.2785571568275395,0.0004122406244277954,0.052083831280469894,-5.368410170246547e-07,65.62771606445312,0.027199365198612213,0.11728204041719437,0.4206658601760864,0.4620521366596222,0.34503124508470384,0.7658718987980476,0.6894137468377535
-671.4238589133398,75.9514815469758,26.620024659772014,11.623607953743505,15.430384651311607,11.226184389370658,2.557719650926651,0.39762170515685547,0.20047693988042048,-2.93588277619837,-8.699000609954506,-1.5843429434964476,3.0638450777048827,-3.73767814105914,-5.547533789361349,-1.3357160127987975,-0.446297041983041,0.24348731716806848,1.6890140740665962,1.3123566401943978,0.770685035981244,0.568136841172147,0.5680563974362158,0.182087850291923,-0.6765357832288861,-0.137781012374955,-0.4741531674773959,-1.0540414160828342,-0.3077722554592525,0.527426393203239,0.541211158795526,-0.18920465970855377,1889.0027860937455,0.28014908352507517,0.0003105420619249344,0.059190165251493454,-5.610271860090109e-07,44.16890335083008,0.31732481718063354,0.030499447137117386,0.07897363603115082,0.8905269503593445,0.5273423648172673,0.6889019751256649,0.5664174150713738
-679.8550503752859,63.840005074853025,20.572250105785503,15.318619981086071,26.295038032346163,16.50159524568245,-1.1135241613722566,-0.4142068862739139,-4.049371718198687,-8.521419433319242,-9.03402738204197,0.47368201359821427,-4.1712717123460585,-16.279566001101088,-10.057746904617186,-2.8922892170548984,-0.02452982236601385,0.11635572826063835,0.7263299600934955,0.8617248310067355,0.4875008188044557,-0.18161489413776286,-0.08732112171857281,0.38049447117252205,0.21700335868377152,0.4648183866917932,0.011931446481135047,-1.1404912449812672,-0.7819776184444854,0.7289156435123295,1.1384192036057128,-0.021091900420707743,2119.243585636529,0.27393434325878796,0.0004905108362436295,0.07443253695964813,-5.160231959299649e-07,44.40324020385742,0.033576712012290955,0.0,0.058242544531822205,0.941757321357727,0.554433138676381,0.6534027740280868,0.5409698181312156
-678.4701756703322,69.22211489128718,22.07012404463786,8.091646663794299,8.421851777395016,-5.246760841923668,-15.844150735557012,-8.49078349791253,-4.627745106084344,-11.483393569812474,-12.094797260432212,-5.92650078923855,-6.967475400718276,-14.807654193271738,-17.100165097294962,-9.409093455225722,0.36345754701826216,0.5296331110453393,0.9133407696858261,0.8716241476253481,0.520294742352214,-0.18833825487422623,-0.6380662553755594,-0.28449053104014355,0.12097060652941877,0.16255725762534473,-0.515660647413239,-1.2733061172908249,-0.6492528706290457,0.29662477486734956,0.2749099841683038,0.07774148542643293,1911.6938860010123,0.2824314678280681,0.0004540681838989258,0.0318494513630867,-5.447001837263976e-07,44.14089584350586,0.02967206947505474,0.0,0.11235839128494263,0.8876416683197021,0.4569472853239999,0.727536004394628,0.6142222610565092
-681.885139627393,62.0645088606731,17.104845862746153,10.65706371552022,19.565342450228425,11.00375675286536,-4.183234036159639,-2.932536449348656,1.5162487309849562,-0.9006217588375898,-13.315763811378691,-14.013306561957855,-7.8806931154540925,-7.753073153613997,-5.834592106535631,-3.5982053311351905,0.6177474013990952,0.7317803054098938,0.2902550813296666,-0.19292189455708386,-0.5376192867778822,-0.7033828473373582,-0.7477948668367297,-0.115745241287463,0.8179943754112216,0.39081901474837466,-0.7568639547071523,-1.7647212751395491,-1.2042175015300025,-0.07487378317987822,0.06849956529371928,-0.062189353757999596,1902.0370047260562,0.2816842974447404,0.0004568612203001976,0.041345179080963135,-5.61068696042865e-07,66.17222595214844,0.3285261392593384,0.06628797948360443,0.513089120388031,0.42062291502952576,0.44933067063692306,0.694414513307779,0.6071409288149209
-671.7738449839964,71.01467467486458,20.981256561053176,17.04312407470544,32.508561824240246,17.18367377312908,-7.58901052064182,-5.8755430530995305,4.314638173729596,3.7745888069767153,-10.490631056542764,-14.084519786501033,-7.27829888114183,-2.7180201174365433,-2.4691220302580983,-4.484415525942922,0.08076930837324561,0.32056132298807954,0.25179146481119036,0.06215448596041637,-0.47046316707247615,-0.8233310258554952,-1.0375428572186842,-1.0084957053101293,-0.3729048301653364,-0.22988680892822766,-0.06664122474442546,-0.5006214918874807,-0.7165758303421016,-0.1082003452625664,0.4299442225921709,0.6586661295719103,1829.2912474612726,0.2765399363996783,0.0003486545756459236,0.04158321022987366,-5.62885107733146e-07,20.320823669433594,0.10616778582334518,0.0,0.08874185383319855,0.9112581610679626,0.3941976165314265,0.7146731281737737,0.644505350678878
-674.6130571837818,70.7518950641493,18.60083822548903,6.062748013311023,11.817915034615638,3.2846454851870517,-10.787302391454759,-7.02406696665533,0.4593919416252057,-2.1544083550228974,-7.70299568515701,-10.388351925718906,-9.238062525985711,-8.227496255161654,-8.927908971955091,-7.413406664988516,0.41369700822750755,0.9571667521302879,0.6557363184744609,-0.16207719143079374,-1.2059460650088227,-0.8847920929638026,0.046994788462983106,-0.04264850385947713,0.1670139916318749,-0.09802989410346774,-0.1614783220927749,-0.22772118962866844,0.05304762039511719,0.674884237844725,0.9591955231327126,0.9017250930304146,1942.2217237333825,0.27152723927783934,0.0003300439566373825,0.0605749636888504,-5.710864168052096e-07,20.35637092590332,0.08704685419797897,0.0,0.0833752378821373,0.9166247248649597,0.43244463676932204,0.694860632472011,0.6163908316862977
-672.2786768519513,78.35145174161767,32.90561124354824,13.744100311592526,16.293180092152248,9.141182136021193,-5.372090060450956,-5.738780821241383,-2.667568921643251,-1.9966668162951426,-3.0237562966504488,1.286047021109501,-0.6593816041623161,-9.38324359240475,-8.02252894021155,0.38118589108237316,-0.22935080456139723,0.4175378576259385,0.931098412848844,0.44754608391806167,-0.49034073493663843,-0.1913525997738446,0.3774474701055051,0.19744710549023103,0.3511413172020811,0.005194176507650321,0.00783287976509893,0.5906740062957897,0.8537418729983657,0.9951416991472944,1.3144444168035,1.2555835708599234,1755.2100036302973,0.26944260858415026,0.00047950074076652527,0.03993326425552368,-5.950827427667381e-07,53.215938568115234,0.3179362416267395,0.046245165169239044,0.26264965534210205,0.6911052465438843,0.608103249774384,0.513048078312469,0.45760823312580007
-675.4938076906793,72.95059435113997,25.900173840921994,14.147498663594703,14.435143533170793,1.4077365216341593,-11.537912435881744,-4.401408731026393,6.107084587595841,-1.9414090980674659,-14.682578506938455,-14.64100047258177,-11.216995957410505,-11.895466798185835,-7.60098688193249,-2.2222695534031933,-0.650152126670618,0.12838706163758187,0.6695835126489595,0.019597690521826076,-1.0168991751261591,-0.9212377312574119,-0.43298193509454347,-0.54884882701151,-0.471885262611335,-1.0924001102526872,-0.5458490952683194,0.6069510265260506,0.7523704143137034,0.3384293428830811,0.23853438635067833,0.6417352748583427,1734.180329401473,0.26856887702307164,0.0004972945898771286,0.03236601874232292,-6.143484713126787e-07,53.47400665283203,0.32411912083625793,0.05410308018326759,0.260150283575058,0.6857467293739319,0.47670926411474207,0.6805453125683023,0.5880688020425898
-678.3970213212893,67.19044445854749,20.609212140446587,11.756618332921462,15.269550716130576,4.932419372521597,-8.772145250200744,-12.092531199939627,-13.72631163682613,-15.749109389272958,-11.400918150894828,-2.2701660214074337,-5.215203739273377,-11.242357247230657,-4.7064293296791515,4.100421843350358,-1.3015088923092963,-0.7121377532345325,0.27996729621405264,-0.0044819653390962555,-1.076616259148179,-0.8549559443444451,-0.23944596031476886,-0.3227892964736893,-0.3133051479047252,-0.859456988244495,-0.3694970486521057,0.8320217474773158,1.062351412152529,0.7721202616689213,0.39836087408957976,0.10811171412844461,1789.4846160023008,0.27294656136087825,0.0005341377109289169,0.02782841958105564,-5.615983746381012e-07,262.3325500488281,0.0009076407295651734,0.683784544467926,0.1782837212085724,0.13793183863162994,0.2820507118708443,0.8383619954579521,0.7482617699478897
-676.7739190150236,72.4440221694404,24.125226151334182,9.218271824519778,9.689017744712974,2.4039617152840393,-2.589497363631376,2.3476219152285847,4.7298968998735464,-4.8293734048429915,-13.159922887779828,-9.213181653295827,-4.676339050769647,-5.092772451933053,-2.693566768151567,-1.402917538653067,-0.8156551477379006,-0.8787427346903569,-0.3478991349157645,-0.03144667190995158,-0.13589332889009426,0.22796248636893363,0.5097723695125134,0.23128131839638924,0.5976631455971326,0.6565020856046596,0.2401735452154114,0.10695613575362746,0.2712501960356971,0.5448174909238087,0.2307376734747668,-0.23712601437896508,1810.1032432896318,0.26785819288173657,0.00036012567579746246,0.04803368076682091,-5.703014946532339e-07,20.199228286743164,0.12183555960655212,0.0,0.1891726553440094,0.8108273148536682,0.48132292279950556,0.5604703043962342,0.5379861279237602
-682.2120774026594,69.06298806051166,29.13250332737455,16.50599704913662,16.439182711898084,4.927650880846623,-10.598521312484426,-7.036366174479181,5.837690269065636,1.249682096192315,-9.894145504033482,-5.510499122129313,2.8985729326658465,3.303406968330072,1.0476552781743647,2.1879913007685623,0.14126562253986444,-0.1380249937257132,-0.5701989418752573,-0.5623778755303082,-0.7156456115502058,-0.5055706680241306,-0.13657740749089006,0.11323549022526486,0.44738656981778424,0.2940381628011612,0.1783604712685224,0.14937159382023077,0.17722553671220947,0.2944744692304947,-0.19917666642807036,-0.38395633104474536,1932.8967000479074,0.2649402036765339,0.00043574534356594086,0.059095196425914764,-5.623500758777215e-07,20.203336715698242,0.054155267775058746,0.0,0.17479495704174042,0.8252050280570984,0.44231457433409327,0.5292789844542063,0.5447534925141788
-681.1987301804996,67.39826801412352,21.34706929059235,10.272982931587613,17.684245146549415,7.869740529042433,-11.669718685170082,-13.392058359753966,-6.074886080015548,-10.617350211385094,-17.128110339912936,-11.038088537928193,-5.369696964934569,-8.295286812600569,-8.840355297134668,-2.9115348795283893,0.40135060157258395,0.17490823327883057,-0.0947543572829948,-0.6304064585780745,-0.728594915917304,-0.18646885563003232,0.15375111825681895,0.18005300927621673,0.1156118066090941,0.4406733627643577,0.6028252670111318,0.5929203688742386,0.49749730685968163,0.4665673042481308,-0.30935098741086364,-0.4947621152608046,1846.2838507839479,0.2725975524633256,0.00038621481508016586,0.03876553848385811,-5.552730642935532e-07,66.547119140625,0.37134575843811035,0.11545541137456894,0.4907022714614868,0.39384227991104126,0.25716060301235544,0.6106883297307171,0.7036804525419771
-681.0704955146574,67.61870354984383,25.451383585920276,13.669576746908236,13.073100490308766,2.7782226542456865,-10.142775847122717,-6.979853940325738,0.607436797965411,-3.6712430039689075,-5.909720096355542,0.9244272516135887,2.34155663528345,0.8706278587458507,-2.3213213126679113,-7.347384361641975,0.8835176494100654,0.6306175292407623,0.09852107071549805,0.04309087301229422,0.21196821240048258,0.21638866590582978,0.041681881363193035,0.16924084959871816,0.3329556393071633,0.4990123664237441,0.30628843148969964,-0.1520184632969899,-0.2885545887633563,-0.10302503230311597,-0.38872134637319183,-0.633108031755058,1865.5294722275962,0.2746725589502824,0.00022599287331104279,0.05304946377873421,-5.544572841856813e-07,263.7259826660156,0.008914006873965263,0.5872573256492615,0.2102687805891037,0.20247392356395721,0.16732554986741527,0.6845276419851543,0.803574663489229
-676.4477951375682,67.92834245564151,19.118751423406373,6.3968537951247235,10.277615997015648,8.246492511267292,0.959794631451852,0.6072412066024503,8.168069693208452,9.037327755094815,-1.0898469023751154,-9.50416775443888,-12.372106929257356,-13.182168526350292,-10.56158653485361,-4.3511288924216815,1.1987657528641429,0.7136759427054226,0.04804918948777696,0.2730277865221914,0.071149366195729,-0.2813592000604185,-0.15300667652641461,-0.22712804742982523,-0.8450152908891922,-0.30603391192659335,0.6656554857582451,0.457277969482545,-0.39257811537748244,-0.3266577253411266,-0.006335765532793275,0.20069409902743474,2020.452371754315,0.2787776821555015,0.0002805795520544052,0.0830598920583725,-5.314939885510648e-07,20.446611404418945,0.1267111897468567,0.0,0.15295478701591492,0.8470453023910522,0.21069961626876849,0.5683501974786376,0.729542819277171
-667.0012620406337,81.09507475053687,27.712147421004715,9.901258846230046,7.776059833467319,-3.8607912208672577,-13.83866084446884,-6.418154482145351,-1.968187676009447,-10.41208600516594,-12.296450095281486,-1.4670735255466256,-0.7397060333312208,-9.256964220645363,-8.44558607320161,2.31954286739006,1.6084360348789564,1.341269573835615,0.13025140388487721,-0.13617103479846193,-0.03152878125438469,0.2666181942382222,0.7688913419997908,0.19119835856844308,-1.374313831023702,-1.1769962114279555,0.2693938066591075,0.5178761001523751,-0.5501393615278299,-0.6793946593391376,0.4501760914585935,0.9598643297837393,1744.3728968503517,0.2889336298909228,0.00019217468798160553,0.04146524518728256,-5.85749314987429e-07,292.25531005859375,0.20033615827560425,0.2739693820476532,0.29473257064819336,0.43129801750183105,0.04532741348095401,0.9466912861650421,0.9543079041784905
-678.4688255383105,67.7646561158968,22.57517432058595,8.202735490196774,9.673559385654672,2.8217032908839235,-7.320341330210429,-5.100333834454144,-1.3888543127726578,-5.0371954996109665,-11.999694888103331,-7.812752854227998,-3.124021620382446,-1.7331091897981672,-4.660630104392008,-4.450092457858094,1.8340578905620468,1.7521418753319773,0.5339190613123661,0.19883576397425617,0.5352054384010421,0.8289108956774812,0.6855911039624416,-0.25836828379814714,-1.447225442933043,-0.8599536640730255,0.5991619507615333,0.8903875800188417,-0.1272187631607064,-0.25255237806705183,0.8315404963557995,1.2079811142161039,2045.7203387006302,0.27773258631172604,0.0003585880622267723,0.08177506178617477,-5.041872108544195e-07,33.0091667175293,0.07036754488945007,0.0,0.19232052564620972,0.8076794743537903,0.45546535706011504,0.5826960399201706,0.5612769282455181
-672.6662181294189,74.01066998192452,24.516824494221645,17.43603506441714,24.643886398030368,12.164976234709858,-6.136092617981834,-7.776882381452828,-3.8007136085024866,-7.190842762781665,-10.485176242067162,-8.005957564326826,-7.13801866943489,-7.80557415545341,-3.885023537978972,-2.816694723659165,0.644572337551173,0.6068592611585772,-0.019127523028892326,-0.26968900369460974,0.17340723739960234,0.5613654837216854,0.07228751117055487,-1.2423751360375495,-1.8511540169011698,-1.4027728752165671,-0.36645655386642717,0.15807775246190867,-0.19656863624770096,-0.5177858962335955,-0.08419201984893232,0.5277158060406223,1715.3977059162573,0.27742336927764055,0.0004101824015378952,0.03590625897049904,-5.909025584896892e-07,44.02399444580078,0.050881050527095795,0.0,0.19180774688720703,0.8081923127174377,0.4676217454809853,0.6889079195123009,0.5956681790054215
-670.8340878665923,75.88611301790219,27.128479644747607,14.593363306757226,9.93233351770743,-3.0606482131621706,-9.482136460547835,-4.790198768183567,-2.4156393204159716,-4.194355045099211,-3.6993427740542115,-1.497210926969562,-3.3900890849787237,-2.410093280765737,0.3521094547336311,3.7135554469860934,0.08445102243869522,0.5233898187977739,0.7030770556627622,0.45093177867096335,0.6125568992137165,0.633090621204469,-0.1760119180163513,-1.2740981124792174,-1.6174466014348787,-1.0394414166503458,0.11712466153542012,1.1083557533887318,1.1806053129348684,0.4647139242865449,-0.06814120209831807,-0.18247763239820647,1871.5961642699162,0.273967458859704,0.0004976699128746986,0.06086261197924614,-5.140267995032354e-07,44.05559158325195,0.03989645466208458,0.0,0.07853370904922485,0.9214662313461304,0.5057865481549747,0.7131227154558651,0.5850498775793562
-669.5558997073392,79.66108628410771,26.353390441585688,8.888446663260016,16.145805913693245,13.787535865937166,-0.6391454751091242,-8.794377508802642,-12.928146061260344,-15.944076756858603,-10.909624009253049,-0.8556771451451757,-4.410457075078041,-9.825571897671512,0.21256009119216998,9.376534575006481,-0.45415627669017117,-0.22395892126865954,0.40232119135616495,0.8779042881504556,1.1720004535861657,1.0899494903896672,0.6096244433567587,-0.06068430680689077,-0.01511456356424512,0.4987630917787319,0.9002495315258632,1.2314815136957107,1.1553394943698758,0.14032358603016043,-0.7033309567892289,-0.9512394906060186,1669.6831356156813,0.27318907986944374,0.00044303666800260544,0.03435789421200752,-6.214846343327662e-07,24.076290130615234,0.0919976681470871,0.0,0.235455721616745,0.7645442485809326,0.5243660220124824,0.7719223490736382,0.5954865956460506
-663.7144232908493,82.440825004428,25.473316689553933,10.859418143574594,19.36348225354003,13.693547553756492,-5.218251415365563,-12.868287978148615,-11.881594589656398,-8.501499268312255,-3.538823671280842,1.2840460558838926,-5.105398892687446,-9.81030780538359,-4.864647533292022,-0.0830401407147614,-1.0661908955342843,-1.0559844841250317,-0.35152851087268705,0.33534857052518957,1.036881613471807,1.2557013229971434,0.863456872647458,0.6282765900379451,0.9855069740545276,0.9575840731283455,0.3691864634359106,0.5437157294590838,0.9363722306127691,0.1510776561401803,-0.6495640159156983,-0.6434847422768528,1523.078031365973,0.27497860099420673,0.00042653921991586685,0.024099454283714294,-6.327851704343121e-07,24.08594512939453,0.10327549278736115,0.0,0.10237500071525574,0.8976249694824219,0.41436696780305526,0.6712690519036708,0.6183186995628678
-681.5833049210058,64.52386056334585,19.93959894954532,5.186067567496591,4.61024278578336,-0.24016203918662538,-10.484237546546842,-14.398256345564674,-6.385949798867211,-9.00343060244371,-12.338336899199152,-6.680150491215198,-4.1551115488370165,-8.97150626422814,-13.43916383355139,-8.202121664832092,-1.2953726195604702,-1.2178096166262597,-0.2063789535911503,0.13950641570600397,0.5421716257603939,0.8554302072611123,0.5859448805341767,0.29620770745905545,0.5824314609536984,1.0791891614024718,0.42134066019940275,0.12127072906013384,0.44253220694380313,-0.11341060961876809,-1.2372140638149316,-1.3116341954131145,2042.9959259854513,0.2618573623795227,0.0004615616053342819,0.050176654011011124,-5.315780637490841e-07,53.2637939453125,0.2830037772655487,0.16117599606513977,0.1516534835100174,0.6871705651283264,0.4350645764245161,0.59320900603398,0.5768980319572914
-672.3992783699592,79.45691185818998,33.58610594061735,17.505779707839636,19.119890958125964,9.185817903830738,-6.621483355375528,-8.380803229336621,-5.252079484540065,-3.690324663832162,-3.425885543020339,4.695006710792164,8.2073251389583,-1.8819543860177985,-8.760908438908825,-4.428878462466243,-1.7673664947510062,-1.557203105984614,-0.15868709316411114,0.5665992937598214,1.024920116059396,1.3310643452656659,1.093234030622856,0.7648146370547395,1.2242593562144155,1.419558096931001,0.11366176177803289,-0.6863474226646692,-0.017295225834728506,0.2373314476649657,-0.5431165177195443,-1.4740416332464186,1680.8001033127462,0.2793183353379828,0.00044013652950525284,0.03168782219290733,-6.127553580950688e-07,66.14175415039062,0.2515440881252289,0.17612524330615997,0.4484109878540039,0.3754637837409973,0.4396147611027175,0.6145650265330858,0.5829793302254103
-675.6871393153921,72.07122583744497,28.191170087460222,23.151010044510667,25.930352580071684,9.729385370486213,-4.110336472256701,0.46214224646033186,4.361619661844901,-1.9577127796847793,-4.336613578333132,6.266111723854728,7.029250204339597,-4.6074568474864055,-9.839082279359804,-8.323097620732426,-0.8305673475912914,-0.7644313653384114,-0.0035548476104588778,0.48691889267487454,0.3448559782833676,0.22213077145110133,0.545751143841004,1.1159897338065323,1.4949967173830268,1.3325856661898499,0.051133940158982844,-1.0904715268838143,-0.4459322508786479,0.40178947638032136,-0.1513863404422974,-1.0135501826903255,1797.8516757917532,0.2794853825291407,0.00022064708173274994,0.04349483922123909,-5.923382947743247e-07,29.24242401123047,0.26930031180381775,0.04392971098423004,0.22791075706481934,0.7281594276428223,0.5424503596048318,0.5898209302206077,0.5209183837130936
-688.4065515267448,55.37837897242756,12.921122187641934,8.416119386404123,22.552046012968994,20.867607701793297,5.143141115480864,1.3408184849471938,7.054671361748476,3.414541380754301,-10.852870327395607,-12.00105936084127,-5.5664333100505505,-2.34311818440553,-1.9691063590847362,-1.5066804045201236,-0.6990398659414189,-0.28825864788225347,0.5795661595665358,0.39168498836467797,-0.13716526609844226,0.06414036192171145,0.7769671978630671,1.094704218675917,0.7943684702729635,0.5745233379780068,-0.26039552099079655,-1.0656674304555533,-0.6779802712093967,0.08807841493592608,0.6335604157328626,0.40091851435312115,2179.9352029590714,0.28032239914276164,0.00045279785990715027,0.09060170501470566,-4.91257118236657e-07,264.8447265625,0.00102520571090281,0.6762145757675171,0.17483946681022644,0.14894592761993408,0.2826026537982899,0.8167110821636241,0.7429281154655919
-673.6806261039077,75.66523477652748,29.129571147480526,15.368692158580439,18.480300903654395,10.206245067616852,-6.229474108414432,-13.682160774249557,-12.46923634365206,-4.905653300841665,-2.1146604215951603,-2.7226449012480574,-7.915812044094233,-14.14811050193909,-14.70243622315898,-8.639755087918893,0.318953178052685,0.25861129443050596,-0.11093714624052292,-0.25375820660059456,0.15754693607420697,0.5432818192619803,0.6477735352337007,0.5451277506411845,-0.3384691744840786,-0.556872223852194,-0.5994811105707283,-0.7238541161498743,-0.5956078686959391,-0.19311030427887046,0.9132210021597379,1.5432529594420048,1688.9304741276042,0.2854764771202003,0.0005236556753516197,0.02392689697444439,-5.822195091052598e-07,38.03050994873047,0.19970515370368958,0.031398359686136246,0.30539703369140625,0.6632044911384583,0.4095893450642625,0.6909042052363357,0.6278130435636049
-683.3790177738867,67.1693367562936,26.87924218434209,14.962582350995945,16.63095468784094,13.511868138126436,4.334948939778233,-0.47179464283144995,3.4490433937135756,1.1007490366300872,-6.934046540286258,-6.986209295267335,-3.5860744753501077,-0.4328247772650343,1.0438179490522912,-4.142787683638382,-0.1046668600757503,-0.48445601875642647,-0.8831173545924696,-1.4251234922424594,-1.319422605491875,-0.6334821415700416,-0.026607138863231704,-0.12356042842067372,-1.342774449871024,-1.6781725740531395,-1.0972578600063143,-0.7499084648353643,-0.8799035176950226,-0.8936920478353604,0.04282048573232475,0.765233149224561,1822.7142189937392,0.27973444853693635,0.0005129063501954079,0.04081004485487938,-5.344652392626962e-07,20.19530487060547,0.030182767659425735,0.0,0.0,1.0,0.460722505867679,0.6424946190712859,0.5823827463762691
-667.2154851782832,80.09717810498213,25.81688344561394,10.295959682634074,15.5749734395718,9.112105996533847,-4.6863164206322185,-4.140354717421047,-2.036218227222138,-6.982083154665256,-10.851289797822425,-8.81479481211418,-6.915144291379939,-8.128248954603201,-7.5558984523527535,-3.2936403110988115,0.40813917352969664,0.6118851028560666,0.2402019242485347,-1.0229763529221372,-1.2894928104893602,-0.7812357545114533,-0.5586888855150977,-0.49606903283838993,-1.2333396087843562,-1.2193296441272778,-0.4740375252181664,-0.09664470670995794,-0.2141220292508946,-0.7234714430823277,-0.17574155830158633,0.9584106289541318,1770.6024874683258,0.2750580033548605,0.00034627504646778107,0.04524211585521698,-5.891261097030035e-07,37.32541275024414,0.09444307535886765,0.0,0.12399549037218094,0.8760045170783997,0.3241236968152564,0.7570732073671778,0.7002176980331366
-679.9876446879199,71.68224244614456,32.87767732413306,16.119452032596055,12.189436325968902,5.359211914361301,-2.8606160303929773,-4.559579457192699,-3.3712136520483336,-3.0582115044179004,-7.36144960272687,-5.0121850009697235,-3.5721130346585404,-7.4609759543266145,-3.460215041228828,2.1854955366647792,-0.10246753166119854,-0.03867342083421271,-0.05626255783775136,-0.27755499733398004,-0.4657592766113569,-0.7831134747628786,-0.4185059712842241,0.38424455600152857,-0.15835724437956022,-0.8763292291477354,-0.16917533747709818,0.8877324483488646,0.48637853085603144,-1.1434099233758759,-0.9883098390063615,0.5216681835603205,1958.9822007275266,0.2738272009596745,0.0003422321751713753,0.062217481434345245,-5.622630304447953e-07,67.54656219482422,0.14322011172771454,0.12052574008703232,0.4065462648868561,0.47292789816856384,0.32419890681454366,0.5650948830490428,0.6354422908268883
-676.600443018514,67.27331645910242,16.5044765400488,7.210349664710703,18.82925020254622,12.926594319738054,-3.098246993664829,-6.332856151169498,-8.773310853954943,-14.739965556266023,-16.101248350012867,-3.970827698050921,2.2224565901211917,-6.40107195040631,-5.611191839953105,8.130190392412462,-0.8019404763279244,-1.1847408900944514,-0.9536852542949519,-0.09104330482202289,0.4005776875459976,-0.25423793152515556,-0.4198272499816755,0.3355744406201532,0.22893200639561376,-0.667356979216243,-0.6303613417071087,0.2644246028353019,0.5102490802687751,-0.35769322939158676,-0.559198817407053,0.11407650943860936,1948.1262019515275,0.28728546650966585,0.0004068799316883087,0.056607671082019806,-5.492861887325863e-07,289.0837097167969,0.033105745911598206,0.4131142795085907,0.3169447183609009,0.2699410319328308,0.03179150896756147,0.8212594382217696,0.9627319926525966
-679.1100421445726,66.52858604162834,19.95426013950996,5.500939404943347,10.562015368412641,5.313411729827988,-4.1635683962765375,-4.573213400561533,-12.937810367964605,-15.520739786151314,-10.622830382632802,-0.8473153975283034,-2.63345949167781,-12.888160278231702,-12.330599084108488,-8.47296389875397,-0.6627159289585296,-0.9114262721020159,-0.48813354389585917,0.3882578219430368,0.8532863854916214,-0.06886397482676002,-0.7808786265618652,-0.49912268482433925,0.05546531468224283,0.2763133159202551,0.3412668890244369,0.27224241600772187,0.16727084747630597,-0.7867755432659397,-1.6339865802973133,-0.9029836905933231,2061.6626389070007,0.2727857250965221,0.0003400910645723343,0.05394912511110306,-5.041583218743972e-07,290.6144104003906,0.03972133249044418,0.5631793737411499,0.1560538113117218,0.2807667553424835,0.19532877391495473,0.6981292944558644,0.7813789132028008
-675.9253685632643,75.95457981463518,31.332284006055346,13.782703563309035,16.516388347170647,10.354485461669082,-5.2773599359971115,-5.196075439933688,0.712988343956291,-0.0893003034405564,-4.519561685358722,-3.4182815244523375,-3.454935275483984,-9.667228404852686,-8.123700054148443,1.3107308890134621,-1.369789127860222,-1.3884210090114468,-0.24934605426580742,0.81698706208916,1.179804445868847,0.325378124467367,-0.6597604402110344,-0.6213773568064429,0.4433770166190216,0.8236924476901047,0.16152635323423742,-0.312452868363615,-0.11788748579589363,-0.2663288890365636,-1.058780690244664,-1.4320957091280384,1817.6744895371182,0.2736752807885641,0.0002474738284945488,0.047027092427015305,-5.49484361474451e-07,29.26169204711914,0.09338846802711487,0.0,0.13531897962093353,0.86468106508255,0.38362194629014224,0.5061554160565069,0.5688562526715681
-688.0482560117447,58.10760965013616,16.215741924951903,10.944509850355121,19.259491750132,12.155331408159121,2.003707228190053,3.338757561535374,4.670344217871106,-3.0924467927216637,-8.429942882508524,-2.443783895590422,-4.3771206358792,-17.059055108424353,-15.526774207457578,-1.8353917021346087,-0.5637265436266145,-0.6122044615065493,-0.4822487764596549,0.17273743238343287,1.0641288716983728,0.9674152802938566,-0.07511383680058459,-0.4774591772139946,0.6848665748052951,1.0086633141687704,0.21351539118661741,-0.529765393556329,-0.22904505494467176,0.06381494624476446,-1.1241892165885128,-2.171382937921037,2009.8090755389421,0.28136322211940484,0.00033322907984256744,0.054894354194402695,-5.342560971797215e-07,29.287900924682617,0.20092032849788666,0.021602490916848183,0.37490114569664,0.6034964323043823,0.3040786257102159,0.590997708766255,0.6602763205798854
-678.0722635137794,68.05013000103133,23.295071543533965,17.92785317830641,22.453711205715706,6.800338955780717,-10.15719172529509,-10.97518947112385,-8.93418597244615,-12.101870472250495,-12.79867715179046,-5.902568953167492,-1.6335591133589495,-4.917550388342384,-8.16097755526461,-8.296725173669032,-0.4282748273260644,-0.4151177103139134,-0.1905052936032749,0.458773711634761,0.6062690255633781,-0.025823483664501413,-0.5183248178231782,-0.324157153672941,1.0522439630689007,1.4056055924479678,0.4482423908380032,-0.6046836984089851,-0.3536661873720625,0.6616553183083561,0.33069419130363986,-0.9061736077998986,1875.1097047716034,0.28311631631368356,0.0003809956833720207,0.043661121279001236,-5.661029944257547e-07,26.300338745117188,0.133490189909935,0.0,0.0,1.0,0.23879177918019934,0.7400786126655038,0.756053731761212
-681.3156359085426,67.15022931184748,26.07261378555313,16.006912174858126,21.31438489736967,11.457701263908216,-5.162457373861033,-7.065872537092426,3.0621451884276967,5.439740594568355,-2.7156777157163874,-6.50907954545082,-3.216348879709638,-9.026903160289276,-16.350764791560298,-10.219920900361114,-0.8903454911086779,-0.8581338669168871,-0.19904186584586753,0.09555755910643023,-0.1824401343952231,-0.6833473680302344,-0.9218906504825372,-0.6111633812976316,0.3806008066223635,0.3157845643618238,-0.39208882203825063,-0.6707456449980127,0.06145747250752896,1.0344082407976352,0.5976396008754086,-0.1783791365499277,1966.2408686296355,0.2794747159486692,0.0004285406321287155,0.05751243233680725,-5.576647337951719e-07,66.78933715820312,0.09071964770555496,0.08422474563121796,0.5271900296211243,0.3885853588581085,0.3612773047109797,0.5801780595163153,0.6162565763194731
-683.7958649662938,64.38671014744183,24.71982233745871,15.91552613912412,22.441729102039343,10.771558613780051,-10.868688556498205,-11.238121340139944,-4.532183195507163,-5.426281303918557,-14.112230888709,-11.013929177133765,-6.5863565567396005,-10.647773959163459,-11.69575985478108,-8.916948886364054,-0.6774527267180415,-0.7981920278122361,-0.21503926374425827,-0.22324054936103416,-0.5834254487855428,-1.0352519274486083,-1.1533502902068784,-0.47435674659673394,0.22981135198739225,0.4900891496607052,0.2049989844354026,-0.2948914900378276,-0.530550635056531,-0.03000388907358128,0.18820814196381447,-0.5921187414102727,1815.6628542740389,0.28199337158171356,0.0004425831139087677,0.03320475295186043,-5.52213528236498e-07,29.82610511779785,0.3846374750137329,0.027109729126095772,0.14355900883674622,0.8293312191963196,0.34947267527907305,0.6306488776651102,0.6434394548009954
-681.4074557618706,66.32942107558316,18.432562621789565,5.892357373830749,18.58149474770987,19.303109757669624,3.559910025840029,-5.3514101476117935,-1.867244972900289,-2.3906226293043007,-7.534279297755784,-4.224385863862475,-0.5650783451983652,-6.436773317186076,-13.740225049930586,-14.324551556594187,0.1030885335306856,0.4826845835505217,0.9380802186815712,0.01200745866990438,-0.8065853534327013,-0.8170817458505976,-0.9109783269661296,-0.6242931805563217,-0.1857292275934978,0.3981211919740149,0.5730500813104014,-0.1409661365122228,-1.074274905529832,-0.4328731114855522,0.8041737134559187,0.6621367855546841,1949.5841047881795,0.2811125468954914,0.0003807106986641884,0.04728000611066818,-5.164205852225759e-07,288.94757080078125,0.005375109147280455,0.6686751246452332,0.18769647181034088,0.14362832903862,0.1693404058205058,0.8905503412498067,0.8402284327053646
-679.0494120397174,64.71920444709646,15.630183143437986,11.466379993533272,18.432282387280203,2.0128395038965454,-12.078522616836608,-4.989385421215838,1.7320600728729079,-2.9680258837652778,-8.326257491123478,-5.694132585629253,-3.3583043787339113,-2.832547606443575,2.3984680503100653,6.136249206039535,0.08826667968349444,0.20934155567909615,0.4138411078028562,-0.3526032364565309,-0.9212705583370894,-0.5357518137638664,-0.012457766619579758,0.4151515814659302,0.44503137511417384,0.6524400869972716,1.207563150714597,1.0762331120796036,-0.42004775985398096,-0.8988396963937161,0.12477991697440605,1.1428465294009433,1981.3028309828953,0.2790744445557238,0.00025457143783569336,0.06109605357050896,-5.513712292240876e-07,20.23151206970215,0.04075637832283974,0.0,0.0,1.0,0.30230196815410104,0.7235666860969976,0.7053209814907674
-692.0116916656715,58.888058814202964,27.280609751884953,11.700703466929383,6.730486849532285,-3.2472584115512095,-13.491283333909179,-9.484864812236783,-5.824808164165664,-10.644736509272082,-13.768584217029728,-7.033470736488211,-2.4518923611226855,-6.376632267987883,-11.267210153205623,-8.368153829368893,0.6569449096722382,0.7185119160199422,0.7086976300064775,0.007787470676406297,-0.6635680618389718,-0.3276563089074401,0.2108279516940147,0.47342170916042386,-0.04535432184534606,-0.26298044126527986,0.4681104182009072,1.2036650006240095,0.23254248880555878,-0.3340197058257315,0.05379644661108479,0.5911752383657767,2177.196096143841,0.27360167821933873,0.0004372764378786087,0.07473592460155487,-5.027837994840556e-07,134.87005615234375,0.20237089693546295,0.10984966158866882,0.5112341642379761,0.3789162337779999,0.26966776760910194,0.658474243556517,0.709454195193216
-682.6030534972889,65.26702736043507,25.55050117068057,15.626325403106243,19.855697237469997,6.810046517224445,-12.176297771680364,-6.115227480879742,7.930747427967218,10.31692274060839,1.5278446472395761,-5.074780348512615,-12.657561008339671,-19.819137723008964,-14.427608703574963,-8.861808162510929,0.7648024375075795,0.7191496611572423,0.6432114121430836,0.2001657867243188,-0.43167702737307323,-0.28158244565988133,0.17425521375458083,0.378940246286149,0.1640142388935455,0.4257970316548338,1.462988001159331,1.7832414810964405,0.5431109945422901,-0.09050380807576544,-0.06659840650804917,0.16890247676380105,1884.9987082197915,0.2825701249266545,0.0004547359421849251,0.03127733990550041,-6.011906849153708e-07,89.20271301269531,0.2509385049343109,0.15235790610313416,0.4669624865055084,0.3806796967983246,0.3157771730725177,0.6810629462893598,0.683221845771355
-678.942420874232,71.4831670577498,30.263784800154788,16.116158452165898,17.403532627434245,9.433984164517957,-5.679766646404257,-10.023299481651378,-7.886878387139724,-6.507049125873706,-6.499123110864741,-6.246870949122354,-13.412484101386035,-15.654903314038368,-4.82952943983616,3.8312892642200644,0.6446942458877372,0.4577628850003651,0.6696290666776675,0.41278940885929527,-0.2979885385902986,-0.016020778856624725,0.010206247075283198,-0.22077545569888338,-0.5198036696203556,0.10906290189710077,1.0040728452041625,1.0911146117377333,0.34753224862235355,-0.25433344232128885,-0.6206283804929741,-0.44531792659341496,1940.2725287897438,0.28134044304842515,0.0003237379714846611,0.04534107446670532,-5.49989750174714e-07,33.115360260009766,0.3228501081466675,0.03903402015566826,0.17705799639225006,0.7839080095291138,0.4669339756544165,0.5351412196580835,0.5340329968862249
-676.4735213528122,69.36073198563948,23.731958700490786,11.2493837682119,15.823559939940008,7.900197664448432,-5.039473322652987,-4.0579288041895385,0.7109778220211723,0.8367495707685948,1.890892617133949,7.77696808462607,3.2201316348697526,-8.858499099313098,-14.182534614225924,-3.209104649823657,1.179161163948753,0.7243112448418068,0.13313274439743275,-0.09984573465761738,-0.006729961294599799,0.6733852170734556,0.6445128495597089,-0.19962642527694002,-0.9270269183720157,-0.5862416561668511,0.31824627125064997,1.171598056141732,1.0209459599055082,0.46066111056130377,-0.6565546862316753,-0.9736850031418685,2082.5711339765503,0.2851794890442419,0.00029604043811559677,0.07471074908971786,-5.616337570991715e-07,20.421117782592773,0.12166665494441986,0.0,0.0657355934381485,0.9342644214630127,0.2208634038416012,0.7013249973806278,0.7605007788550818
-677.2973270529967,71.48356295408041,29.048285367382974,13.471444121627567,16.55761818894996,12.431638385539191,-1.7276673990016427,-2.7322861197131063,-0.09039553405260548,-4.465263088234921,-10.67746770012128,-1.6908729990597766,1.6654393441620041,-6.523442364995523,-13.92756563938635,-10.961581570549278,1.2842910974253914,0.6336720294919418,-0.7431592871571835,-0.45587617645450773,0.27840960656242325,0.7603261807090806,0.636117559536836,-0.4213668350810299,-0.9495047628670756,-0.6216737567339483,-0.47011538775477296,0.15834953958060985,0.9778626348935411,1.043363108651813,0.13479332137862157,-0.3227177403083047,1926.0324134137288,0.2880434783282898,0.00028602592647075653,0.055750153958797455,-5.034903963883932e-07,66.9968490600586,0.2445557713508606,0.09018372744321823,0.5144703388214111,0.39534592628479004,0.3617520114811696,0.5162132599917613,0.5879654660209154
-679.961687976648,65.83880782576931,21.609519919816044,12.238332245492845,16.120580889707785,5.587435733686421,-9.761581100516281,-7.849480307931228,-2.378548010070361,-0.42015505801461656,3.2640400997851233,6.902358108741685,-0.6616499773615245,-6.607785786495471,-5.8731493563843635,-7.282823069906363,0.23165450358267453,-0.022368643424904674,-0.5949956419027884,-0.39996663013788875,0.004052211598403729,0.3342075365765018,0.5163411144440931,-0.5532379364590809,-1.4517621413469008,-1.6224375778899462,-1.661862016707842,-0.7514499370007691,1.1716117218395765,1.8244794205102297,0.5426538287943091,-0.2202726991500139,1990.1294607518744,0.29636488019504,0.000334140844643116,0.06619150191545486,-5.687903821413059e-07,29.29085350036621,0.04812268540263176,0.0,0.13727790117263794,0.8627221584320068,0.4964657251231327,0.5767653759129391,0.5374102328530579
-679.9424004633131,65.03498359034417,23.563293849469467,11.714099399124992,11.939911446708363,8.269864717126646,-5.690716484981584,-10.408584833492892,-7.643607868568187,-3.3852756382194187,-2.8022300638026216,-3.1892706855735766,-3.402674430337057,-10.087100924386634,-15.57702848155127,-11.056478256117611,0.0440422705415533,0.10502205889694355,-0.17600243268766416,-0.13403138148354107,-0.1869232004898834,-0.6111449391289793,-0.23045677921425894,-0.032556693156979746,-0.24906420386504935,-0.7319913018605526,-1.4537223819229115,-1.2399806646708167,0.3012118573519303,0.9109237558612312,0.48515210978911866,-0.02946097890863452,1982.5725151987474,0.28230756685267694,0.0003271130844950676,0.04713473841547966,-5.675305484374606e-07,29.29503631591797,0.21271130442619324,0.0290051382035017,0.20087909698486328,0.7701157927513123,0.3819986298108709,0.5944854900812495,0.6088020050412359
-672.1459191978842,70.68769033086788,22.68952671983631,12.313822185963588,16.503301303481326,3.337667250003689,-10.456638157569369,-8.246618711386681,-7.60371691865842,-12.34815398965573,-11.6008406162427,1.8691195021679476,2.9015351948833974,-2.0283206612424176,-6.22020912061358,-3.5440573586368966,-0.09848713190294192,0.11693804931982643,-0.3672941749271174,-0.34013904984856136,-0.1504420028840432,-0.4070621161520428,-0.209172590891915,-0.5817724377103638,-0.7920928481867486,-0.8818499064157984,-1.7576908403190388,-2.363607721278889,-0.9594672684354756,0.3614046954583893,1.0168320816375003,1.1130017048384073,1914.5427983681052,0.2865540888947889,0.00039105024188756943,0.047924064099788666,-5.57769068538743e-07,29.26698875427246,0.041719693690538406,0.0,0.16493983566761017,0.8350601196289062,0.4226399066213474,0.5627030728098049,0.571073306002199
-679.2181444783447,68.43221480242784,22.159806453171747,9.300730640168979,16.078483251381137,11.922168955886725,-4.053262787685401,-13.066293363715847,-7.765785148465451,-4.217695899214555,-13.165534479933466,-11.17630016859278,-3.4877344226035487,-7.415877957565881,-12.104456813350172,-8.73491967170947,0.08939017622966552,0.023488198228294663,-0.3957120396515806,-0.10401178239267525,0.341224946126619,0.24452367883532602,0.07340621761975513,-0.25325957168702684,-0.2890236150643494,0.02564243520931083,-0.3858584059294922,-1.1410842780521413,-0.6062463764812867,-0.08608285900608417,0.723691809976343,1.40016287781048,1961.237804023646,0.28632495964968513,0.00047891121357679367,0.05336010083556175,-5.155772751547408e-07,24.025388717651367,0.21712034940719604,0.032660387456417084,0.08837081491947174,0.8789687752723694,0.3529532196579075,0.5585191008987331,0.6127658386352783
-680.4239759653492,68.16837756887283,24.596014172181643,14.645513781785404,21.724823447275625,13.278729596670903,-1.9517142601049327,-8.118131484174084,-7.890854167273303,-9.414200930026869,-13.62321986896784,-9.320933776063818,-1.10062077621495,-1.1553900118974545,-4.400402777789761,-2.550041422015281,0.8805831935019952,1.0978982488411728,0.5346139097606618,0.18943937339535039,0.33973339940093294,0.41642385927151093,0.4537220891602376,0.3384832536194875,-0.006527305360934377,-0.02341887069207716,-0.6813004819720694,-0.7261451903816328,0.17741385613456703,0.020594756129042185,0.23166638817671123,1.0509302052980094,1896.9768464647739,0.27886860483228115,0.00029076356440782547,0.04371773451566696,-5.901695452804614e-07,133.80752563476562,0.1948557198047638,0.17215783894062042,0.5399494171142578,0.2878928780555725,0.29614168612085906,0.7390601018277494,0.7139285407266311
-676.3124793387229,74.26621720333058,30.149944463172233,13.625074475344263,10.317624354925309,-2.949912035836668,-10.11587567292403,-2.2002096461524294,-0.02748041879116836,-6.9404896397853,-11.709120906219017,-6.022131287257246,-3.967951342472005,-8.467027276709722,-5.7136361422872906,0.8470547824969936,0.5919390789849659,0.8670029304431706,0.4472984896237697,0.10489065126268088,0.23665846911189775,-0.04923148684748971,-0.46449389248332995,-0.16545110862546702,0.4737655015613506,1.187193114811333,0.692946231302618,0.06257361449416617,0.10558759099135077,0.14514504852655968,0.9071523276008844,1.1063511699899757,1911.267546689487,0.27984411420335265,0.00038409139961004257,0.05426985025405884,-4.799690909794846e-07,38.12556838989258,0.360849529504776,0.06723390519618988,0.12078497558832169,0.8119810223579407,0.2704063641360357,0.5895297539898798,0.6855506374992827
-678.6393841189532,67.01371936392657,16.253926477633712,5.431826676788683,14.410161042245734,8.571705747017425,-6.200202825119642,-12.384820004338334,-8.430903838650345,-5.829451110550684,-12.666273994669126,-14.320300705251604,-6.706083979193535,-5.373743612655808,-6.695016718835293,1.6826631879201661,0.40930459342495623,0.5579907910002275,0.6892714279981522,0.4573027701998569,-0.0764794807094332,-0.012412195916739976,-0.5327108995763794,-0.4594128959399948,0.8876669752021913,1.8769587465734636,1.5762516097883752,0.38177899893306844,-0.3103743460094468,-0.12555040242028676,0.5210466326756509,0.11735706964559574,1957.0251865467678,0.28641449662097607,0.0003158627077937126,0.05241904407739639,-5.351636986055011e-07,281.580810546875,0.026823068037629128,0.5085085034370422,0.25235992670059204,0.2391316443681717,0.08729816494008046,0.8655609983442213,0.908382929708959
-676.6936486732517,66.96891365789244,23.3593526843083,15.47773612520047,22.464570276388734,16.985913847885683,-3.2112592216476816,-7.2659843231865615,-3.622762301317648,1.020464215182518,0.4414320161665101,1.3238005610528545,-1.6117533528412227,-9.76848636664123,-7.842435723240957,-2.883523600224688,0.9822033975389395,0.6885715229788941,0.1751266293799859,0.13079257370675285,-0.0017587936095883015,-0.3073755535414475,-0.6747842283142836,-0.1354818950245104,1.021262048043421,1.0821700169929815,1.26726685125152,0.8437540133900979,-0.14420239933041984,0.026178120673782196,0.6287790546720533,0.017107738099521277,2020.7854486397991,0.2788849697231283,0.00043824128806591034,0.07115554809570312,-4.5675936483152435e-07,33.057254791259766,0.05969558283686638,0.0,0.15656496584415436,0.8434351086616516,0.3200210983676821,0.5967736785488218,0.6509348586779441
-666.6691877410351,81.23531889097066,31.001950058698025,14.617107097660124,15.809872613193253,6.397757774113787,-5.427907155528352,-5.7766021692836915,-7.0130744883448894,-6.654396012857065,-9.219600393988163,-0.5684552985767335,5.580230873540687,-4.6023265573762355,-9.559399471121296,-2.6574398691860646,0.5149968711317008,0.09564688534523458,-0.43717972029300356,-0.2786297777894566,0.13055894789927294,0.29225206224302264,-0.2997223705279739,-0.1366731414615504,1.1132151158664623,1.1014122784076719,0.5415368468389931,0.227209566764821,0.010750919125516407,0.500723592235568,0.7150850752242065,-0.6063517467484968,1767.269893718185,0.2818737390468721,0.0002695806324481964,0.04256897047162056,-5.916270038029006e-07,33.03617477416992,0.05638495087623596,0.0,0.19683103263378143,0.8031689524650574,0.32110671258291157,0.6685283973185167,0.6755301935327506
-676.879258735321,71.1496212504189,25.524202497748433,10.774914518026236,14.645482089856557,3.8812080377456164,-15.788552765527477,-16.57634625967572,-2.9166061736127196,6.637035089283991,-1.2366864775789268,-5.4226940001284465,-3.364507058596281,-3.748528169660613,-1.0227078644504444,0.8899519884176452,-0.2352227271665257,-0.5994172434962226,-0.8837660139167121,-0.1353524240173263,0.7525223781712719,0.740995907238253,0.3106098099717777,0.34756640384253634,0.7110233576024501,0.07446771992357193,0.07477072050777805,0.045570976266766046,-0.31177207024800746,0.15116623111695723,0.555618557633248,-0.2826021373765969,2052.8751095242724,0.2779017754188869,0.0003406871110200882,0.08587699383497238,-5.032866859588843e-07,38.34514236450195,0.07349551469087601,0.0,0.260760098695755,0.7392399907112122,0.3075787671162508,0.518090521519003,0.6274794626010048
-674.5426163823025,72.31035258518861,28.999981107833868,17.618763760167084,16.351598900658594,7.638734440206394,-9.633891832940877,-12.40959346670336,2.5343341094023115,4.29503804524545,-2.1431504392692045,-2.9321223410053476,-5.77597584054927,-4.613255993253402,-3.6041231002494305,-8.016011239782486,-0.733607405671726,-0.6190161285889979,-0.07714319357870418,0.2792572768167613,-0.044032589343461825,-0.18115344730864882,0.7064207349199444,1.409867651639136,0.8026212941502858,-1.0139267705406512,-1.010627016647497,-0.32262108869793055,-0.4322056255170663,-0.26026017619981706,0.08022203010546396,-0.3359271184299527,1890.86370983423,0.28060019776425466,0.0003768792375922203,0.048676736652851105,-5.522307084335338e-07,38.10955810546875,0.32131919264793396,0.06258570402860641,0.26203039288520813,0.6753838658332825,0.1542631134161666,0.7582848325600907,0.8309534155477895
-671.6052725987262,73.65720447956923,20.10959577957819,8.161441635425165,17.568162996997582,8.669458976548162,-5.770128403868792,-6.343911454188558,0.8243599045135586,-4.84960101473213,-8.864469397924939,-7.049278539268286,-5.517554969430524,-6.981910478786636,-4.899349202271546,-3.3152490755750144,-0.9326135158306896,-0.7645075161828823,-0.5800715694303741,-0.48572239376888005,-0.6684797853584576,-0.7106889878487428,0.39420979426799735,1.2876857276338813,0.7990002814038438,-1.0747686975271493,-1.4042992668326244,-0.8478206508932458,-0.5464912264639816,0.049472087247447116,0.2671813948391155,0.40937823712106497,1908.0066026353356,0.27879732852099326,0.0002680681645870209,0.04054484888911247,-5.434695032208285e-07,28.806814193725586,0.16377638280391693,0.038154445588588715,0.20604556798934937,0.7558000683784485,0.24007980696136783,0.7340951097828643,0.7535557497582333
-678.2314093061793,66.36634688310973,18.654340112022012,9.646028604987237,19.229356801637127,12.690644376968152,-4.845692379935402,-4.720475034765441,2.509334322292523,-0.9275705191251108,-12.475687951867108,-9.149895377411028,0.19598008800331757,3.3563929142473903,2.4647793715709643,-4.61762141299798,-0.736298371699405,-0.7084570546490475,-0.442135231511495,0.118961528088955,0.1247975958141622,-0.45298320867278535,-0.2327078945504365,0.7488418225615628,0.5023628538750011,-1.0607814260684547,-1.1080630353266792,-0.566761406225368,-0.357190377350427,-0.07500859063979988,-0.1448798299679315,-0.22981764266224278,2008.4381828074888,0.28348362544991607,0.00024660397320985794,0.08192542940378189,-5.144294449490445e-07,67.52859497070312,0.3469862937927246,0.07415641099214554,0.5221276879310608,0.40371593832969666,0.33993686059447503,0.6363748230603101,0.6518152283890176
-680.7226322327472,64.647584077107,17.218514718711425,11.341869748196368,20.30383527578008,8.92380586941969,-4.1416805967718595,-1.5377609258381408,-2.177721927813975,-9.302210184069205,-7.846661412337872,-4.438914328368464,-9.029127959772614,-14.13769179009077,-7.2095671987959395,2.88874175286092,-0.6368773112862562,-0.3328385275984194,0.030436731679225643,0.18971429021037917,-0.28167780659523445,-0.8835014040858018,-0.23673855526525267,0.5220444195104661,-0.42914864732682734,-1.5118608803562423,-1.2692438211048371,-0.5567508584248896,-0.01051453299764285,-0.1194392946314228,-0.5303745112364914,-0.04464491581461115,2072.9558485841458,0.27693383370238067,0.0004742182791233063,0.061509571969509125,-5.374492801901578e-07,255.35882568359375,0.0020950648467987776,0.6865196824073792,0.15644881129264832,0.15703147649765015,0.37361153453070617,0.710794722145014,0.6554690345701034
-682.1591432859841,66.27706481732358,27.229863701031377,15.861493078779894,12.929811131543104,7.55747898510937,2.298210751811509,1.3808549536064696,-3.171810631374091,-13.288100590083605,-18.074619663977316,-10.140214694452464,-4.395750036273737,-9.171756346596217,-11.009266747477954,-5.654051565439207,-0.6368773112862837,-0.3328385275984174,0.03043673167922713,0.18971429021037967,-0.28167780659523367,-0.8835014040858006,-0.23673855526525203,0.5220444195104664,-0.42914864732682684,-1.5118608803562419,-1.2692438211048367,-0.5567508584248894,-0.010514532997643178,-0.119439294631423,-0.5303745112364914,-0.04464491581461161,1872.572422028073,0.28014370685765716,0.00041853636503219604,0.03701808676123619,-5.629509262513736e-07,21.930858612060547,0.04221690818667412,0.0,0.09471401572227478,0.9052860140800476,0.4500245148963381,0.536896676319177,0.5440117013374924
-676.221499772318,71.4570114825602,24.226598049574147,8.968316906537341,11.048803539043089,1.6715117218803786,-10.1131866857618,-2.760363525749239,5.118101850889984,-0.8505130370355722,-8.093670688302037,-3.1521362322176016,-0.9878145989901064,-2.397163132674655,-1.1711102941690803,3.6556163898633773,-0.6368773112862837,-0.3328385275984174,0.03043673167922713,0.18971429021037967,-0.28167780659523367,-0.8835014040858006,-0.23673855526525203,0.5220444195104664,-0.42914864732682684,-1.5118608803562419,-1.2692438211048367,-0.5567508584248894,-0.010514532997643178,-0.119439294631423,-0.5303745112364914,-0.04464491581461161,1877.4167097440418,0.27886460725056217,0.00046684592962265015,0.050385162234306335,-5.480244555161689e-07,0.0,0.0,0.0,0.0,0.0,0.0,0.0,0.0
-672.1193791784324,75.64696938167705,26.950953890774255,17.840006540111915,21.40632127837791,1.2373228852515683,-19.548213377759588,-13.002723723547636,-1.9000698701268148,-7.045734699145408,-12.98652514988872,-7.821339593891782,-1.3723637859725915,-2.67278369021526,-7.341168775605929,-10.910930354484627,-0.6368773112862837,-0.3328385275984174,0.03043673167922713,0.18971429021037967,-0.28167780659523367,-0.8835014040858006,-0.23673855526525203,0.5220444195104664,-0.42914864732682684,-1.5118608803562419,-1.2692438211048367,-0.5567508584248894,-0.010514532997643178,-0.119439294631423,-0.5303745112364914,-0.04464491581461161,1668.3426384896545,0.27580852530510963,0.0003704121336340904,0.026904093101620674,-5.695915378691477e-07,0.0,0.0,0.0,0.0,0.0,0.0,0.0,0.0
