MFCC_1,MFCC_2,MFCC_3,MFCC_4,MFCC_5,MFCC_6,MFCC_7,MFCC_8,MFCC_9,MFCC_10,MFCC_11,MFCC_12,MFCC_13,MFCC_14,MFCC_15,MFCC_16,de_MFCC_1,de_MFCC_2,de_MFCC_3,de_MFCC_4,de_MFCC_5,de_MFCC_6,de_MFCC_7,de_MFCC_8,de_MFCC_9,de_MFCC_10,de_MFCC_11,de_MFCC_12,de_MFCC_13,de_MFCC_14,de_MFCC_15,de_MFCC_16,Centroid,Spread,Energy,Flatness,Slope,Pitch,Inharmonicity,Tristimulus1,Tristimulus2,Tristimulus3,Harmonic Energy,Noise Energy,Noisiness
-725.27428449391,20.119673299271405,15.659937832551654,10.732057656907179,6.570537656118496,3.1525476389289318,0.4229707784809076,-0.9574951006860997,-0.4132539943749898,1.387025986553044,2.6964557767473916,2.1967840424678435,0.16611427892412178,-2.0730745740111995,-3.7320239096228214,-5.130616096611789,0.2701963051776779,0.4105359834045017,0.4802499390183307,0.5470852324334463,0.5612061945185611,0.4987815901160975,0.35138493403772364,0.09804743853952212,-0.2579198822982158,-0.6238782482384777,-0.8531981559957794,-0.8679750895836288,-0.7099862928238819,-0.46832831106643685,-0.1993783764990706,0.08069297521289641,1908.2389244980732,0.2767333751336475,2.0252540707588196e-05,0.04078912362456322,-6.011472872475289e-07,64.73335266113281,0.26073428988456726,0.1393372118473053,0.3749576807022095,0.48570510745048523,0.0361807387172902,0.030776034683016498,0.459640348841474
-721.0605863001875,26.42310497772001,22.894015094402782,18.60902362992276,13.489359399134546,7.760326294477181,3.0021057964414046,0.03426676913574145,-2.097173734807257,-3.9307443902176984,-4.729531909947473,-4.551782115086521,-4.612824839211157,-4.991935775814261,-4.494121108745311,-3.0295750333857097,0.2701963051776779,0.4105359834045017,0.4802499390183307,0.5470852324334463,0.5612061945185611,0.4987815901160975,0.35138493403772364,0.09804743853952212,-0.2579198822982158,-0.6238782482384777,-0.8531981559957794,-0.8679750895836288,-0.7099862928238819,-0.46832831106643685,-0.1993783764990706,0.08069297521289641,1693.50786963696,0.28199173956543144,2.479366958141327e-05,0.03516625240445137,-5.549291935338786e-07,29.135107040405273,0.063959039747715,0.0,0.15914389491081238,0.84085613489151,0.027865831060904324,0.06043415118883246,0.6844186108430685
-720.1017078842025,27.43982721479388,22.6809077437826,16.767069057674178,11.19729594698222,6.455725353660088,2.2882788637754876,-1.454456602375972,-4.34181408322628,-5.701921888754855,-5.363235914355838,-4.012988326213096,-2.7830109985298845,-2.399034547625784,-2.627013251861073,-2.5096205189833087,0.2701963051776779,0.4105359834045017,0.4802499390183307,0.5470852324334463,0.5612061945185611,0.4987815901160975,0.35138493403772364,0.09804743853952212,-0.2579198822982158,-0.6238782482384777,-0.8531981559957794,-0.8679750895836288,-0.7099862928238819,-0.46832831106643685,-0.1993783764990706,0.08069297521289641,1825.2830466847327,0.27125882444207644,2.4759210646152496e-05,0.046855855733156204,-5.79958344076654e-07,24.399988174438477,0.07500966638326645,0.0,0.0,1.0,0.06168457314229324,0.04137544885420487,0.40146943550633796
-722.8691544879772,23.889964665197716,20.28890766726147,15.76293125267571,10.527601482387723,5.003727764211109,0.5601294443472244,-2.1403243481422427,-3.8939448366827385,-5.207811958361866,-5.5780298213442645,-5.060133411275331,-4.564828084016945,-4.1386755844704,-2.912598525064322,-0.9645877140990473,0.2701963051776779,0.4105359834045017,0.4802499390183307,0.5470852324334463,0.5612061945185611,0.4987815901160975,0.35138493403772364,0.09804743853952212,-0.2579198822982158,-0.6238782482384777,-0.8531981559957794,-0.8679750895836288,-0.7099862928238819,-0.46832831106643685,-0.1993783764990706,0.08069297521289641,1841.895133973594,0.27123270263947513,2.9088929295539856e-05,0.047346629202365875,-5.928023222535171e-07,26.86397361755371,0.38489118218421936,0.011574028059840202,0.09001673012971878,0.8984093070030212,0.07791600272046963,0.047698804289227334,0.3797227844767152
-723.690536468293,22.89269909041606,19.597783324228153,15.240953044240868,9.968530722281715,4.160521045902286,-0.9473075942642003,-4.614321801383631,-7.2576142264487995,-9.113417882225447,-9.70972817701017,-9.14424991954429,-8.285272452143948,-7.314595827153809,-5.614160411239787,-3.230560167129517,0.2701963051777214,0.41053598340450026,0.48024993901833,0.5470852324334458,0.5612061945185608,0.4987815901160976,0.3513849340377237,0.09804743853952236,-0.25791988229821555,-0.6238782482384776,-0.8531981559957792,-0.8679750895836289,-0.7099862928238816,-0.4683283110664368,-0.1993783764990706,0.08069297521289652,1736.592292924373,0.26395655888094965,3.2032839953899384e-05,0.029397353529930115,-6.034538855200214e-07,29.752117156982422,0.05594992637634277,0.0,0.17547030746936798,0.8245295882225037,0.08966638048123633,0.04238912562895501,0.3209947610483138
-719.6259891287676,28.29324302932394,24.843760548913497,21.213440126435884,16.396996225126433,10.06415944708333,4.497569350060396,0.7988994996427857,-2.6474548843046084,-6.231733312734366,-8.14996414717833,-8.382459349648325,-8.934373057252595,-9.7183436606523,-8.869348344641136,-6.807865242676386,-0.322534103341384,-0.49612047850849034,-0.49487564462489425,-0.34208058082805864,-0.18513975232954724,-0.17546912002346426,-0.22675608650846585,-0.23872219075837514,-0.29361232203636856,-0.4439116751740566,-0.5662801384047793,-0.5771600376401997,-0.5501925593809223,-0.5251681974806781,-0.44190974886845363,-0.31520187325214555,1608.7644252356163,0.27458080365234017,5.7056546211242676e-05,0.024759365245699883,-6.235330209355451e-07,29.609312057495117,0.0874117985367775,0.0,0.22599095106124878,0.7740090489387512,0.08324019448665351,0.05948677821251183,0.41678722029574516
-721.885551353279,25.687642616275916,22.661338342609106,18.2414698323896,13.177311417523633,8.21099007631262,3.9002219992418157,0.5199788622577225,-1.9329588603321401,-3.647067671242657,-4.859793194305821,-5.734293637974623,-6.2946082417783416,-6.437087158821937,-6.003816663422833,-4.8802283504824615,-0.463700074993757,-0.8214896380972856,-0.9633853753198531,-0.6633013015070097,-0.18274517007549965,0.02256873751115411,0.03320659884205844,0.1428897215460313,0.24828632550176477,0.10860780169450124,-0.14146270403328254,-0.21116510808520608,-0.10721499327226816,-0.01608204722331312,0.011602019628389408,0.0029912903300963398,1647.8012743221675,0.27783487204940194,6.109010428190231e-05,0.01665700413286686,-5.827283049343184e-07,29.559703826904297,0.3913835883140564,0.02665633149445057,0.1858193576335907,0.787524402141571,0.07111403725093708,0.05851824202591076,0.4514172114565453
-719.4568349089504,28.454093528831194,24.023196928614567,18.539659212764164,13.093419719185247,7.877030913768679,2.9750866481455063,-1.038162840652402,-3.5516067857460536,-4.7002253368059925,-5.294260224093769,-5.9111598911687935,-6.337066149222167,-6.085717499862467,-5.237466650078455,-4.368916291722591,1.5981486080192826,0.8670952851689615,-1.5309176296987994,-2.1896348462855997,-1.0657970784601527,-0.0938325003125784,0.0035456565390686867,0.15263737153818643,0.7426505764210612,0.9229085603582462,0.19966942408380667,-0.6461517326306425,-0.6732437349359524,-0.0071770777063550305,0.5025713666564874,0.41743895802301206,1661.4303392639463,0.26854157568274367,5.998648703098297e-05,0.01957716979086399,-6.514973117361991e-07,263.06390380859375,0.008196244016289711,0.37689125537872314,0.17722558975219727,0.44588303565979004,0.029842199366972945,0.2039506867709894,0.8723562557443989
-722.3430230649362,24.529744345232945,20.887872022341504,16.890531850480055,12.828228912903496,8.404002744157449,3.923677606107228,-0.404485009515262,-4.7072775401857285,-8.165483797245871,-9.286708106146063,-8.112074828750869,-6.342314265992702,-4.863719622328044,-2.9876012404339383,-0.2695922267717677,10.150593956828793,3.8315200577256068,-6.120401272549941,-3.985474356801602,-2.764762783408905,-0.9385649944805112,0.20191917239444568,-0.5050524219303609,0.26544125969193694,-0.23003014393012625,-0.1547831419066571,0.10394564999708178,-0.3293777868950876,1.1902568194057774,1.10478308763271,0.29457883432770465,1717.7797093997167,0.3216122148767651,4.528649151325226e-05,0.022356124594807625,-3.9857916279930586e-07,261.84283447265625,0.049921851605176926,0.08785223215818405,0.24403589963912964,0.6681118607521057,0.13036558381423566,2.5650902057518046,0.9516350502505463
-726.3750175330249,18.183059638981653,14.182623830838407,11.246724645816062,7.403959097541138,1.2178126188708287,-4.0451455582100335,-6.168700706540676,-7.729593839630706,-10.362128949983918,-11.635498386477828,-10.561843633231872,-9.807782799316668,-10.26680114138467,-9.592478224789637,-7.3230430166765395,23.563328581131227,6.189207991351678,-9.693439720974665,-4.710572972065493,-4.7494506903275475,-1.5976318271052659,-0.14253157155007862,-2.03152490699665,-0.5198711838732111,-0.612995003629352,-0.6594432737871488,-0.557539527981707,-0.38707536521521924,2.1382024953959275,2.3942413432351253,0.38273399340616193,2817.5259782867215,0.32927234817753065,3.395508974790573e-05,0.06636285036802292,-3.2956196407142264e-07,307.50018310546875,0.09490153938531876,0.06800667941570282,0.5120052695274353,0.4199879467487335,1.9218794967056538,21.570483479368566,0.9181913075894924
-725.1438569819558,18.53892616071139,12.369936547320162,10.048360315512106,10.19489521565907,8.058734059533691,4.185462173617315,2.0645186787529344,1.2100871837399918,-1.0639111560926793,-3.8675110672080977,-4.188094691040374,-2.079825681222345,-0.17776573090011988,0.33567680831515906,0.21386910498393197,38.44949541484938,6.331075361281942,-12.289279728040947,-4.6171283494924324,-4.941965277460115,-0.9114030720565696,-0.3284975327262062,-3.3404184381436686,-1.1430887113628332,-0.4236488866511981,0.10869865137889756,-1.4631337231325778,-1.2538218502776082,1.7368329819266652,2.4674733915577676,-0.2925417951107764,2685.597792907114,0.27621928245352695,5.443394184112549e-05,0.1450999677181244,-5.613589545236008e-07,518.283447265625,0.09942643344402313,0.10754376649856567,0.5238492488861084,0.36860695481300354,1.010072373155245,88.8320525658096,0.9887572519701483
-694.318052852398,45.50628990294253,8.519963243564925,-7.866054659274404,-1.045338874599897,5.047500746443925,1.029230518940981,-1.1449780641368932,4.129686899618031,5.793488252537828,-4.115155444828911,-16.78538838262707,-18.868937809161803,-9.71806746601328,-0.22889485555619649,1.8186045582334485,50.002698295876264,5.817789444221981,-13.631504348447816,-4.004839496148706,-4.058394783059885,-0.09726779778304809,-0.6875252511388046,-4.160852628184961,-0.9324260445457014,-0.3453426928259252,0.61064036589153,-0.5447977546080027,-0.8890044836484255,2.0791165596422374,2.1519260203391006,-0.11848321547553628,1802.9393157842078,0.18194199656822704,0.0010433271527290344,0.05276031792163849,-5.911716901956075e-07,459.74658203125,0.0445440299808979,0.18035629391670227,0.5515632033348083,0.2680804133415222,4.609087098557265,183.42606915144273,0.9754881630091061
-587.0538808527814,73.59783150133086,-52.359543612921016,-16.811752818324663,-15.507586447713797,-4.4145272637119,6.295172079393182,-10.221835399279822,-8.88587792757663,-21.458888569411993,-13.96841335532494,-0.8932969328053593,-7.0147278093927286,8.454659514373224,2.396251944245953,-7.090247049391035,56.82758231009612,5.008029637632928,-12.812121727629675,-3.2973814858037405,-3.356389324780484,0.49420280901566693,-0.8234205618822567,-4.038989436995713,0.039005750184944676,0.06376761948411161,0.8463507326906157,-0.44076333456041045,-0.30206636633901307,1.5527517503378099,1.4690756356903432,-0.21497565594132712,1751.7984233682,0.2011859199205234,0.012936295941472054,0.033259693533182144,-5.429228123317233e-07,1297.763916015625,6.922558532096446e-05,0.8835343718528748,0.11646563559770584,0.0,20.797367334252854,263.5724446774659,0.9268650663474933
-479.1689958361939,78.1703275948826,-54.41107308777867,-8.241837646749532,-25.60337800965502,-2.9300976996589436,1.4708651394204333,-22.181456719478604,-10.550821365632878,-9.090042648507849,-13.154499782588143,-15.92018058694936,-9.000100175992861,11.830570275608668,17.409114938685747,-2.623967075319474,56.872370259982425,3.599318312597707,-11.1186600655461,-2.356165577727437,-2.2632015847096003,0.7731969793572604,-1.0332174378489603,-3.526318122395978,0.8438405181824283,-0.05278566729545786,0.2690706745048198,-1.333286474502723,-0.3562338758529985,2.1694005500439206,1.2127726540963575,-0.14747249158791187,1880.0125462192227,0.2132874124788338,0.06954174768179655,0.04413991793990135,-5.002552604906707e-07,1340.119873046875,0.00010959032806567848,0.8568598031997681,0.14314016699790955,0.0,15.035107582110019,339.217577964765,0.9575582396534279
-401.0178117113401,52.00174634192729,-64.81278210126048,-9.299995604686611,-15.649337274403958,8.0971334275762,-2.3534161160382023,-30.076082766496306,-14.705398586976248,-4.101639901781608,3.1266331344256333,-22.22803672375182,-20.50316495170314,-0.6181812487187992,8.99052558372221,-9.452151671864307,48.72726439579226,2.0000900175315324,-9.639093444999027,-1.1475657429863182,-0.966340426516499,0.7004617437078612,-1.3768603975932263,-2.613287515433883,1.378734286071484,0.46047439565351406,0.5984348675279625,-1.3108171830257078,0.06981414690839916,1.2398484146418833,-0.02790935155641497,-0.24377055355051205,2160.5438986051013,0.20643319091254614,0.1390704121440649,0.059695202857255936,-4.600476219334975e-07,1346.4332275390625,3.623458542278968e-05,0.8191696405410767,0.18083040416240692,0.0,14.862134539525076,368.8185295229749,0.9612643118833215
-368.5357738667129,51.35857338153478,-65.6946592060323,-5.430728208349407,-3.495038416791131,11.84043642453518,-5.9154046525866875,-30.119287419713856,-6.104801628008439,-8.465547448201272,-2.159934396065223,-1.6406857517381261,-8.221611169285024,8.710085094749147,4.041888171170544,0.21724612787897912,33.202695272218754,-0.19416452386572353,-5.3423809176482004,1.110818559175952,0.21309484978616708,0.4931769003418721,-0.6166225619268049,-0.4580636835115154,2.748620344223525,1.3000497720604585,1.277327844939013,-0.018135964063286575,0.7945249535704499,0.8101756512886626,-0.8023350233800344,-0.34686655171849046,2201.05480108056,0.21357901784838054,0.17523875925689936,0.07093148678541183,-4.840973902739109e-07,1359.0556640625,0.00023059248633217067,0.890916645526886,0.10908331722021103,0.0,11.317581327045808,331.6151579307667,0.966997664464642
-354.15900805258764,49.871134089219034,-57.0618732073243,-10.293977088983794,-10.281736794259249,9.82527695264865,-3.8659060116362327,-21.696966143111016,6.287084505542591,-3.3916585332152973,-4.935356124973344,-12.610724190841035,-5.3184782566534645,-0.9720597208574134,0.08583166168705203,-3.2057906274959613,13.456890512647888,-0.4877238344209286,-0.7456771405954826,1.6732854418442205,1.2771250399225667,-0.01701157570535977,-0.6745432311615607,1.2992981825879688,4.375716362514947,2.1748694338264856,0.751282011108198,-0.9722793237646357,-0.09163186429372579,-0.06924788973770518,-1.5538394075376907,0.7809463185670227,2316.565289270754,0.22339842325795384,0.17482664808630943,0.09457041323184967,-4.769194226756728e-07,1367.87939453125,2.893138116633054e-05,0.8703024983406067,0.12969756126403809,0.0,15.406090712837468,240.44470884770942,0.9397848639156133
-360.92825710851776,51.14655793212128,-60.302798989486234,-11.934608495595574,-9.926303187895964,4.966477127525858,-7.870416352382591,-21.79164240648976,7.692390370416909,-6.617897743111866,-12.049926622401085,-26.482834993630078,-14.673855539899092,15.924061512133898,5.002535523394368,-5.579230220339744,-1.924810157617844,-0.03360197134416551,2.377613448488065,2.5843559703097356,2.268235533619956,-1.2884642038608711,-0.7873249098859575,2.833002416249333,3.3518987491602377,1.129634785386032,0.41399110656568067,-0.0787449016352314,0.16241042190974847,0.6699037188953411,-2.2416125056875784,0.44745517479810737,2242.9413693670845,0.2149162649246311,0.13162348605692387,0.07429923117160797,-5.297410806558795e-07,1417.732421875,0.00012479169527068734,0.7673471570014954,0.23265285789966583,0.0,3.329867056616653,162.85802967189898,0.9799632396692743
-388.3829797454493,62.876362661193184,-75.42733212611179,-8.075375676312252,-5.779497672059607,7.8138922901113474,-2.8656021432719063,-13.927772749016238,10.521087720747365,5.962005457272307,3.7949203670839395,-14.288427557958698,-5.221672207589984,4.681844667947941,0.49048058391426297,-0.5468446260910058,-11.175282261274111,-1.1272948176471496,8.567160332199471,3.855000622978322,3.1554848615278357,-3.2658281802501397,-0.24191869536180563,3.77607796062531,1.2133772644020553,0.13714659591375067,-0.7953033571966927,0.20964959754739293,1.1871385085173223,0.800908934441403,-2.255882039248708,-0.03677718036046617,2055.8009776264953,0.200782191791867,0.07466523814946413,0.04545183479785919,-5.053686570878852e-07,45.18790817260742,0.20617029070854187,0.03472020477056503,0.09681174904108047,0.8684679865837097,11.370039904296043,89.28436378222739,0.8870388230632539
-416.115869878142,64.67946156961766,-53.30677340889524,4.33882166735288,-14.325420240463744,-1.1064837086559463,3.6992359768387457,-7.526166616848055,16.434041185573292,3.314996518591903,3.1854726722058375,-4.134080804598698,-9.255149198766418,3.305902437907657,-2.405128497853459,-8.37590422360088,-20.56407876943261,-2.457031054928209,8.697141860368921,5.919928006778167,2.7305624277963307,-2.904924701653961,0.24603136546143006,4.288017910770698,-1.2022546377728776,-0.7027263632435363,-0.052362049272868694,0.12862493525461466,0.9249202675531256,0.25504886281792066,-1.787432490464332,-0.581145335225483,2214.7794000700137,0.1957821946112478,0.03912776801735163,0.08978883922100067,-5.120574216514479e-07,26.973766326904297,0.05878464877605438,0.0,0.11900804936885834,0.8809919357299805,2.9974370040815126,48.16650342560599,0.9414150478069458
-440.70966280409624,71.01581920668606,-60.41361552272669,-0.13430556861380882,-8.136282784164727,-4.177300999559787,-4.749408577528134,-11.879896499479269,20.448679443274777,-3.6333615431388453,-12.815808089542646,-22.076328898461462,-14.225604286121513,9.355934983903847,-2.0407959295669764,5.934366154493387,-26.12553155117091,-5.245364325143255,8.853615806340251,4.460297169099803,2.957741276722521,-2.506298803737266,-0.23732358772100923,2.6914942050897506,-2.6944006931118007,-0.8209672270866359,0.84642503106327,2.907909749014102,0.3978496608286417,-0.6765169646367141,-1.644584389530789,0.8516584598311833,2058.2526353786916,0.2293614768026098,0.017952672205865383,0.0631469115614891,-4.7372208288445864e-07,32.28342819213867,0.0603080578148365,0.0,0.11995577812194824,0.8800442218780518,3.0377412975588616,26.27134073369114,0.896354949147846
-445.9262189519645,53.49399213911605,-23.6488244632297,18.20980908982287,7.074995258251288,-6.074928704990121,-13.599410444555279,-6.572418925957999,1.0341791384903387,-0.7254176177179341,0.1569250767234227,-15.5490116122359,-10.77954684405803,15.687154115791206,-4.819235407705835,-3.8201891477274432,-22.156724023718137,-12.125407802592745,11.25613733148003,1.5063350188667752,1.8641375157349502,-1.6055572097797814,-0.92394689689592,2.0936519566052247,-3.556155779630035,-0.34316677007437796,0.49295119596435216,3.3485405747652623,0.9864373484327469,-1.124539582047532,-0.9168949833217156,0.8432369336413958,2441.5875256826744,0.3073212441617783,0.015668367967009544,0.16245344281196594,-1.4089013411247136e-07,38.4307746887207,0.0724557638168335,0.0,0.0,1.0,1.4001180288250934,44.28273566990538,0.9693513448599644
-453.5319812483526,19.535191540926483,32.087111587183074,21.64641746543688,23.782462650326444,-18.934236243882232,-2.669854001848227,0.43003150334012297,-11.1251853684747,-10.211910396402022,-10.409185669483318,-9.506434558615226,2.3212508615873038,4.1531934182966275,-15.28663251991215,-10.846642810745873,-11.917393958488091,-15.713385284430045,11.533148148404775,-0.014777425133918498,0.13129883766765385,-0.5254426356543553,-1.6015290112467033,1.2386803543465361,-4.074428699096268,-1.007141822112983,-0.4210056765161265,1.8515685959261026,1.3443072094503634,-0.4306260020949443,-0.1930212381583724,1.3442728475519088,3749.8775882908376,0.3288516165234366,0.007497618906199932,0.2765907049179077,-2.3679328399120633e-07,290.91717529296875,0.14617232978343964,0.22562633454799652,0.1825392097234726,0.5918344855308533,1.2298361950772123,100.23261192503998,0.9878789028072607
-546.8865738249931,34.04648322896047,-24.179686310353567,42.355419657873725,4.003795471667196,-1.6452979642002914,0.21347547664416067,9.484152204358118,-10.232211103757194,-14.43865231205845,-0.7907367121813816,-5.559465302659664,0.2262246770436278,7.641809301834795,-5.696546455674613,-5.269117994518078,0.029097872982947415,-15.580455274086473,7.714955565835105,-1.5600667580792265,-1.5664532389770938,0.4148018820321766,-2.4629650770069174,0.9809320300911044,-3.5097297045206983,-0.7695301250347629,0.37503587614890477,1.511448774429467,2.4589361193442607,-0.7464988289538825,-0.6265015922358821,1.4620641862772534,2561.8348037457813,0.2677565187611395,0.001749926246702671,0.18556003272533417,-3.1422320390770967e-07,5808.8740234375,1.0,0.0,0.0,0.0,0.0,136.4170684814453,1.0
-566.5461557628873,8.48267815719961,-12.521679714633905,-2.4356840940808038,3.505724326034393,-8.194198268535384,-9.261891164584767,-12.198738073801376,-6.01237272912206,-0.7435395518902684,7.175816825465164,15.778130978380236,-13.916155630196624,-7.739112327329026,-8.066539417596735,13.347472423964614,7.205069926806384,-11.805649784678655,4.146134186976941,-1.680402170552615,-2.6219289173232676,0.5960116907780634,-2.952305066079891,1.0877327679288835,-1.9413194019046565,-0.7482439113497492,0.5521635913182349,1.846597268865132,3.0858456990980465,-0.17454187771034405,0.01002927734798223,1.2146132094367652,3600.8940778124575,0.2442491746959082,0.023974298499524593,0.4969285726547241,3.0238723817409426e-07,5289.38720703125,1.0,0.0,0.0,0.0,0.0,152.85137939453125,1.0
-491.0658038667216,-61.75264964200616,23.671296347357483,-18.022831653040637,-6.072451165130487,-3.1521721613330262,-15.709411433659426,-3.266280475130481,-12.023258639028924,3.785221091285372,-5.804881939542943,-1.2344266103364345,-2.233833471285141,7.504417487316886,2.6240439011987577,-0.7095548764921094,10.957520524893015,-4.452327230220616,-2.960790442178753,-2.621711865013154,-3.933199370436192,0.1974099485036389,-3.16445274857294,0.7684547229311598,1.0134870454835112,-0.7420173853302535,0.2248977680667508,1.5110516491617165,2.4568804353293157,0.9339433605392036,1.5068855852173362,1.6027157047254543,5161.107102798027,0.23519417673662665,0.06263066828250885,0.20666801929473877,1.40301230602531e-07,4941.38330078125,1.0,0.0,0.0,0.0,0.0,164.64846801757812,1.0
-422.7731034336832,-41.871885444257416,16.023085340504828,3.588489557694894,-15.052945521998282,2.36756004409417,-13.529031940870361,-2.3972040355243562,-13.205244250484673,-7.5143926259816975,-5.536295832124079,-10.114255780578778,6.7707819303166445,5.632428208572398,-2.9445177817434107,10.523165153818086,13.996715736085198,2.3616028238107662,-8.507288002537779,-1.4257525590359965,-3.184705989285946,-0.5851158476864832,-3.6154855593116606,-0.9535779470176032,2.367500307293327,-0.09742665217082327,1.2214486155775843,0.3012066615429879,0.36562062979774407,0.16590163784296041,0.8729324851504221,0.31154816743618474,4481.042898051177,0.24416779590522558,0.11320753488689661,0.23607484996318817,5.544631793103598e-08,950.2676391601562,0.03365184739232063,0.34537798166275024,0.654621958732605,0.0,2.545099502628563,164.4739129485433,0.9847616180620596
-378.30848522519534,-23.975139816978935,-7.417828148631701,2.2825697127441473,-20.991813978981074,-3.939489026579028,-23.957512870522123,1.5799176554239391,-5.720945882996105,-9.939594110426992,1.9360295057715453,-3.912337911767314,11.6680978656284,1.9654948357415836,-16.651523922290515,2.509613376769104,19.324865075317838,6.959368741284334,-8.914863043855895,-0.9324791563289245,-0.769789493629199,-2.6760498171513687,-1.6749485098407146,-1.613643822607154,3.4127465315483803,-1.4887694814527277,0.035918825287555106,-1.1170452019162076,-0.1275015935953,-0.6660807405252759,0.05635674391301651,-1.09466781752284,3931.5698329676407,0.2486741534213183,0.060028595849871635,0.22678928077220917,-1.1315632651217977e-07,552.4769897460938,0.07213006913661957,0.3313598334789276,0.5146547555923462,0.1539854109287262,3.881073630809613,158.76803525590913,0.9761383652368321
-412.68154559398,6.686243113911105,-14.32558249510973,10.728618187505603,-4.478343870727671,-7.112884991402179,-31.85509705216439,2.9230685227219206,-2.1169764943573086,-13.851115079899406,-7.0505911533944445,-3.8822242029349603,13.616596670801869,16.323781836777496,-1.2673453417114475,7.581417640883975,16.963739056558563,11.908310757990435,-12.184931555935435,1.312092601458209,0.6526852432044161,-3.3000426024732086,0.9114899884441733,-0.7564705849974156,3.9188181761666483,-3.0388242813332464,-0.1164161090233626,-1.7471984177436823,-1.0801640305054556,0.34600175386905996,0.5899320825978238,-1.6203159594771546,3301.2991353674206,0.24171750569500547,0.029932408593595028,0.29574716091156006,-3.2105723754481257e-07,1938.240234375,0.0,1.0,0.0,0.0,4.118835442364798,214.41336060255708,0.9811522717617402
-432.4335452015487,37.94524742940232,-48.768280878837004,5.602862132694897,-13.589918220168684,-13.473136963763599,-26.024990017757695,4.586357918370882,9.02291343511507,-9.683090717341567,2.826090766078876,8.548138352723225,6.709479344550066,20.063635309089854,11.466566311248295,3.2162122163250193,8.832841933952933,15.356326826147635,-13.818132255364816,1.3510101397916487,2.722547743634092,-3.3904023365224782,2.7260429773423716,-1.9209242413083523,4.7188741218102335,-2.3269840723246076,0.43981486244468204,-0.441928945857438,-2.3539194817392453,0.1979640917259799,1.0356939295412442,-1.037920861456817,2483.8699373694303,0.20582033936107078,0.03067604172974825,0.13656839728355408,-4.247853962613612e-07,1878.4534912109375,0.0,1.0,0.0,0.0,1.6649867150557753,231.0189427283036,0.9928444275501156
-434.54265141949327,43.489000813144024,-68.40653001028579,16.16604574154166,-3.070967118242148,-19.1839221317621,-23.864659967716243,-18.97274481833375,6.422699530380417,-5.25498981056937,10.377899083586431,-5.069381960992253,-14.298739676804006,-13.321367938659703,-13.64568489991833,-10.459182629110408,-6.44662950692267,13.777624176880233,-5.584560563872081,2.8473041150979377,5.406066656125067,-1.2258670466654447,3.6028328288399196,-2.368717320214037,2.481803473888667,-1.0049405015494197,-0.06654960838605076,-0.3789212489267225,-3.2846203380725765,0.020109527409443606,1.1938711324643512,-1.4197238191604402,2298.3860387925233,0.2132440763579111,0.07439389824867249,0.08277998864650726,-4.5616989073223464e-07,1876.444580078125,0.0,1.0,0.0,0.0,1.319505936077249,216.9039895473212,0.9939534194832947
-387.8552447452834,50.19379168102074,-72.18203867445214,0.8190558859025581,-1.4954452348619365,-26.013158663961406,-4.2193699987453055,-14.896387412662161,18.337529698737796,-25.068270322047134,-6.5904285489523255,-13.128799002814194,-7.582471284969246,-7.11515741548409,-5.5073905002709305,-5.061590635729441,-20.71056335713634,10.015149460287997,0.11259901966063479,2.4533661397731015,4.824517602582608,1.3691492990109184,5.5714256320360604,-1.335349362224495,-0.32011816283114225,-0.8099177251347391,-0.9100547908382592,-1.596556256008344,-2.76920025799906,-0.23739709706758266,0.4814489389816663,-0.3709100484920549,2367.4678810070573,0.22175696521352561,0.12874455470591784,0.07451985776424408,-4.038833853032461e-07,1831.2432861328125,0.026339968666434288,0.6637762188911438,0.3362238109111786,0.0,1.6663399573063344,187.2309073571468,0.9911785905776996
-370.0819502685942,44.98696859448985,-70.8532309293615,-4.004561923326141,2.0217853848180516,-27.389944356437944,1.4776108861240727,-7.28705631994588,16.499371940092267,-25.879612467867098,-2.16087762576033,-7.146621969332569,-14.33272229368546,13.367958113086589,5.202078623175647,2.6212840328105695,-8.099577256854916,7.225368062714376,4.660631203929332,1.5445874720769115,2.815876765943089,4.7393745196918236,6.029575110865787,-1.1530748977475194,-2.3173307740948057,-0.04850652715699483,-1.0929504121797133,-0.8888394046691053,-2.3186086390742484,0.725706251352786,-0.3089221944510097,-0.26753367855519494,2446.5146673916024,0.21447541314028376,0.12711808923631907,0.06948015838861465,-3.999816516460409e-07,1823.229736328125,0.00725497305393219,0.6063744425773621,0.39362555742263794,0.0,2.4115114557003388,368.4962339056278,0.9934983523912365
-387.85288351482205,57.16295704733979,-72.5411081390107,7.3095090795116455,11.859688249087686,-17.63548480498992,2.0595703992298646,-14.700649012132644,22.31723424814047,-11.930318323692116,-1.8331161895288095,-5.184066171594894,-5.110878867171934,16.62384500429308,9.572023719170048,-2.0562048838408513,0.8272074723083955,7.3257885620846865,8.497002201947803,1.3176016876190975,3.248457470535241,7.149131180487782,6.862984102064503,1.0401007890994325,-2.65468770392147,1.6519948414310648,-1.4880851621886182,-1.033299894735265,-0.8783275268059815,0.8301412724753858,-1.000588934110268,-0.5510234430555885,2268.7898864356007,0.22037871683519444,0.033706486225128174,0.06178147718310356,-5.653847723844232e-07,271.4486999511719,0.1312304586172104,0.16835834085941315,0.19162076711654663,0.6400209665298462,10.008742964563783,618.3245700237175,0.98407096558837
-544.7586200970625,81.72640575751299,15.214400541237563,51.090388376202284,35.12574477472658,7.5250862854880145,-1.117110934482917,-15.741790083975296,-8.643655523637577,-11.234913394113905,-3.7984076214988303,-7.7928450975257695,-12.366643451548246,3.2129185362893686,-3.6953343054373136,-2.798810921080726,6.243019467057561,6.184045060295635,6.688108063004347,-0.1683935865378544,3.553767415896445,6.683527981552862,6.760644706982181,0.5078852712356023,-2.8358605794941734,1.9373496602454696,-0.9425898512801899,0.5913189934763587,-0.40983421734772885,1.8935015338451209,0.7529714091279346,0.4496366979785953,1528.5362425997544,0.2190965043377463,0.0009048674255609512,0.01920374110341072,-5.556437638011811e-07,209.6613006591797,0.06335665285587311,0.11796034127473831,0.27973657846450806,0.6023032069206238,37.01052152930096,722.2693246621053,0.9512557567345584
-628.3146358360166,59.988633350334354,-15.385741271126875,13.001062610626727,7.6748922152741015,9.751951477699219,16.18253409980378,2.2704025177342304,-14.794037562443698,-17.770741784287495,-8.68963235058352,-17.54230381670522,-4.463801152513529,3.285249494555753,-11.373467699505493,4.097225955464499,9.558668655497804,5.747168631807169,2.9534607438695484,-0.1307897273780576,3.0632534430768437,3.916962785639072,5.497868166774367,-0.5707165048887726,-1.2140208546280347,2.3237662582253487,-0.43234912817708804,0.8931083223266199,-0.5481271565705056,0.1631443073717332,-0.7139414790918139,-0.47094991603009917,1910.195358537749,0.24472872824663275,0.14559683110564947,0.05034851282835007,-5.055740361781986e-07,106.86148834228516,0.14188699424266815,0.2152455896139145,0.15858715772628784,0.6261671185493469,176.0181663815402,826.7584449465849,0.8244692143862298
-332.15699243978355,77.67323080016345,-11.173717051574428,9.263995294477805,-0.6259395256352049,31.10999379951013,13.989376906540826,-14.300500360324985,-12.47597346795197,-8.80750089486137,-8.909229735906589,1.7285647145617342,-14.366518759591363,25.591271125551028,2.4838183974879975,-1.6738801337855478,15.487738419036464,3.735038914310449,-1.6834022962395216,-0.3695561068142573,1.420278567759745,1.5462406767619035,2.9740058707943624,-2.330297264005906,0.6017389963771459,1.635128593857393,-0.431393150023038,-0.1828183628511242,0.12431859565296002,-1.0194504391709651,-1.4927496207568514,-0.8444035337824396,2037.9140117591305,0.2322191078128798,0.6774368323385715,0.0875210240483284,-6.569678974089186e-07,36.51246643066406,0.23543491959571838,0.0410303957760334,0.34989315271377563,0.6090764403343201,147.49091555125318,974.2454125737468,0.8685155220052589
-332.9158143492214,108.11162324499543,-14.152914137965944,10.678684345035048,20.44201457085957,29.43208106378711,38.97697226339423,10.213974887164945,6.228143121565537,10.451276180025282,-3.5708556523804043,-9.681511885977422,-8.465454022211299,0.66983153724197,-10.482003341689945,-14.862500858126602,20.906761340644508,-3.693515412501685,-2.9120182082194663,-2.272609510828577,0.16792753625782175,-0.9314268170950767,0.7512629031164797,-1.7581997159604956,1.4892792362614327,1.9911693108606658,-0.4245954289277015,0.2561175482230127,1.0463369749465319,-0.5422697232826599,-1.443330769418681,-0.7919061317293172,1261.5893279726151,0.2273413144743659,0.446826902218163,0.011150145903229713,-5.131992776666479e-07,93.95018005371094,0.21094034612178802,0.11247564107179642,0.22491365671157837,0.6626107096672058,186.9520972717949,735.1115623961739,0.7972459978098307
-340.9489730447831,75.76175286601207,-55.735351123449774,-1.8117463925562698,36.1525107295934,3.388239647073088,35.36113000505995,-30.923278336947213,-3.2676785724848085,-9.910354704795667,-0.9373232627085474,-0.13309632714402464,-19.92888707980005,6.465405725674675,7.97534883557766,4.245274880838112,22.81125278352618,-9.634412965649183,-4.151020593525762,-4.009084749785316,-1.2178302772956053,-3.259008468512243,-2.068692665682554,-1.3215154624927081,2.909183511142603,2.0759155911657707,-0.6125832348834411,1.1830725886344604,3.1300197857874896,-0.11676975634919487,-0.35782003844965216,-0.11943966207338005,2150.333223511552,0.2305974207937387,0.31387711595743895,0.0440644845366478,-5.13191324910416e-07,308.66986083984375,0.1876625269651413,0.2670589089393616,0.22321191430091858,0.5097292065620422,70.51243335375759,539.0860163532736,0.8843297036144935
-346.9438893277948,88.85919359499614,-61.81560497316212,5.984608964823712,23.502070316913702,-19.772364694902677,30.60069027133015,-18.547602853804122,23.955129813116155,-13.986370147642322,-11.846755983869745,-5.1239479953869225,-9.429998639410423,2.891340071860987,-9.814239991250973,-7.221917221882501,14.222901062059055,-13.023331533287484,-0.5349034467791588,-2.7361241003117915,-1.13647325143464,-4.367862108087073,-5.008237230461187,-1.327030030458018,2.4405007301160135,2.1418120724889316,-0.44452690834892006,1.5543005188400283,3.214550984530021,-1.282031936059728,-0.00798828236281618,0.09989700270075394,1976.0113682328665,0.20896986177190396,0.38020474184304476,0.03285587206482887,-5.598437689855135e-07,54.50285339355469,0.2943103611469269,0.037883907556533813,0.0,0.9621161222457886,36.16545635563796,469.60785907404954,0.9284947322202773
-344.2021485211563,68.1919538704895,-68.98172369828731,18.47743351125316,10.889013784014928,-5.445283364889343,0.7441290332952285,-33.751448864652566,16.353501565438993,-7.528428527780866,-3.8317813842961175,-15.729058412128236,-4.447068498161847,7.4031911194819795,-8.707675565322727,-4.952595917956428,-3.7558600259698953,-12.82562056847388,0.3478057422932257,-2.864677748604414,-2.422864629699839,-3.394386401082253,-5.232603050885093,-0.7773055319476161,1.331541759473392,1.7570075044873603,-0.17452783936107996,-0.08038493749333113,2.921263983159704,-0.9175481992422205,-0.6946335526560825,0.9760708461183751,2007.5080504236516,0.2573755490770695,0.16222519893199205,0.03577293083071709,-3.0963868755693937e-07,1613.391357421875,0.0013520005159080029,0.7877374887466431,0.21226251125335693,0.0,9.39168825291705,373.0626269326298,0.9754436337099225
-363.15619518994527,-2.0463458637109113,-18.718947713672556,3.957244810454873,15.447947921361799,-0.18651319922283272,-0.6194323902495178,-13.001703486107381,4.231897563607802,13.540885323629075,-8.591432103002763,-1.133905612530567,8.518185365486861,10.325515778975198,-10.471178340845778,-8.139675277106246,-2.1818022885835684,-11.66912865744213,-0.6848225011164306,-3.7891186853990626,-5.0254642397259035,-0.7976720867450962,-5.606425314488294,-0.9473713430056065,-0.1328064648138997,0.911719977231899,0.22693656571936743,-0.11520968742595622,1.7742317706903399,1.1272698500171607,-0.4663244020337577,1.7708654819533205,3578.2037558685265,0.2871175356833044,0.06758594699203968,0.34028953313827515,-1.3563998400084549e-08,1578.30419921875,0.00015352448099292815,0.7471691370010376,0.2528308629989624,0.0,11.03547945297494,345.9997073146032,0.9690913392797926
-391.9290620433937,-6.70980843935399,-3.7313274975840924,-5.696219783783401,4.506008244388124,-3.327442212631883,-10.829331617542417,-7.194573831078642,1.8781616093796831,1.8899755408118653,-13.530555423368913,5.236365669557507,20.12857447034882,4.7198353471166365,-4.310545757381259,4.316482055271049,-3.3907744903774972,-5.893979915565768,-1.124135892605643,-3.6765219780004283,-4.833862334812933,0.9155637126943629,-3.6650203337811447,0.07019910444526359,-0.14262589789224403,1.0250092655517733,0.5365938002753612,-0.8301171925925858,0.7620534484955037,1.4684794181281338,-1.3781312661206266,-0.08783239584466768,3891.126642234061,0.2864412792487904,0.09795182198286057,0.43383705615997314,-5.8467356594694324e-09,1373.8807373046875,8.33119047456421e-05,0.9279003143310547,0.0720997229218483,0.0,8.682340098294816,344.58557372006453,0.975422788884362
-354.208583412968,-15.102625916105955,-23.39647520674432,-18.532212794016495,-4.4082598226194865,-12.920225250004773,-11.874540394288518,-10.649611017508292,7.140699825795673,4.193045860235949,-8.657638954512503,2.7665406341709944,5.520869353722995,-5.353941181832812,-2.2321752189927784,0.04096426337181658,-7.75281088339328,-0.8453964267545092,-2.9311918781239092,-2.8264810390081685,-3.154201137172021,-0.12762513163103845,-0.8323845563343022,-1.5113562293814509,-0.9140348080516659,-0.12161030898325353,-0.4189595230358073,-1.3058583328920872,-0.5235992273840246,0.7530604378837618,0.175095684313585,0.9352484436783408,3864.827729367729,0.2798733392394381,0.15639068093150854,0.40071895718574524,-1.51148035812675e-07,1343.6671142578125,0.0012879258720204234,0.7037543654441833,0.29624560475349426,0.0,12.03442761836989,306.8345299011614,0.9622590178988096
-342.98219506667914,41.66177466124118,-35.80013624339751,-9.348920346093957,-0.49442133453286785,10.419805574552797,4.53922711322262,-23.56322100589277,9.17062336742115,9.459305421669411,-2.2292747396102737,-12.495490332014402,-5.5530783204453,15.360118938724277,-7.81587410049795,1.9834196434557283,-14.972049793365082,3.639303641385454,-4.44624634201731,1.3918654795146344,-2.2289149546182214,-2.402605339986664,1.974644450142285,-2.3998672452933296,-0.06618684233629273,-1.8886070273168056,-0.4856166892567546,-2.7533808614724724,-1.4164606160726696,0.3826669420681641,0.04675763058762952,1.3854663144528898,2631.300727292546,0.23382281565760846,0.2309830104932189,0.13298770785331726,-4.0199331040398014e-07,1350.74658203125,0.0031029388774186373,0.7386635541915894,0.26133644580841064,0.0,8.136939943334685,259.13973241994654,0.9695561162469315
-348.553856738407,29.35602736995363,-74.89882674813632,-22.203391267618365,-11.903833522260971,8.237795306487568,2.128000210466597,-20.104852932751385,6.933369677102643,-1.8444782774323696,1.6322914361759777,-11.324462028914375,-6.253178770066651,15.701323947650412,-10.523767008254065,7.448162563275956,-16.305218185204566,8.381380762848432,-5.228906734590916,6.236041171496171,-1.5956764766008225,-3.481351647629834,1.6787790401230334,-3.527463895414229,0.15150684267270018,-2.9965598381627903,-0.2805090244867816,-3.4359552429079985,-2.426087197148513,-0.15931775511024357,-0.11143189042836209,0.17299669264291195,2445.277745216542,0.21397156322484817,0.13469488359987736,0.0970965027809143,-4.531474459994388e-07,1367.2608642578125,0.0019364400068297982,0.7061411142349243,0.2938588857650757,0.0,2.683208933088199,159.48660613038837,0.9834543257508315
-393.44999451396933,48.50858841903039,-78.20638503548074,-16.283034558439713,0.854773082049652,-8.635041120579748,2.656570505036507,-34.384491257587484,10.223491594603622,-9.798541733053398,-3.7824034330779117,-10.526364292619526,-9.578366340292629,18.826509421335462,-14.670126406355056,-13.587938561526343,-14.182830931619494,6.099240445769622,-1.5914922871758426,9.117383404888528,-0.673370323086143,-3.1162965066674824,0.49448237915518345,-3.057572370105787,0.01734142976416901,-2.2006696919267092,-0.23820489547841045,-1.8528531945807951,-2.639727774236256,0.10136057197947118,0.7907371607300802,0.27420919513787334,2233.5441489745185,0.21366418279472021,0.04045418743044138,0.058219581842422485,-4.759950691846267e-07,331.7973327636719,0.15585671365261078,0.13317976891994476,0.31688106060028076,0.5499390959739685,4.713117300591959,81.15339118329476,0.9451111104456239
-445.838054054032,63.14668889029177,-62.757845438440434,3.65123761158512,-1.3592680976510032,-26.943389552251823,11.464734839460347,-33.099427982799156,11.668263674209909,-8.307590548120388,-26.10536423334954,-19.085601369814874,0.3705815969025855,0.27178293148777877,-1.8133401762896348,6.07266309873277,-15.541709309932346,4.240141015707737,4.131879153368123,6.77715647443603,1.3116900355144618,-3.5099696266278495,-0.6496581714384028,-2.153659210627468,-1.6448023703854344,-0.9873740089865435,-1.7041944265863156,-0.3928893087909033,-1.240931304750357,0.8210023126506223,2.041036964363985,-0.24895813638244235,2274.089219562302,0.2162069772641421,0.014732206240296364,0.07902577519416809,-4.2595542388300247e-07,2818.37158203125,0.0,1.0,0.0,0.0,0.15455056769078457,65.89695547478968,0.9976601507376471
-507.42471670691987,35.16287067506218,-52.533128880674695,45.796123108853614,-6.239787514919175,-24.052411885066704,11.057084150668857,-38.717394979468466,5.662591892004308,-12.11753736237113,-5.427141218204975,-32.16188386939222,-1.786292476545535,8.366341566639782,-7.2470014581231705,12.270555750380318,-12.97119613460867,0.874655092851596,8.444714602656969,4.059678250736498,2.850855546003566,-3.0701859913846414,-1.0127809327508033,-1.9083942833811647,-2.475599665756404,0.17944461469217485,-1.3105571881866276,1.6688650795499835,-0.9285383338209718,-0.1766873876363664,3.326708272213318,-1.1679501347827284,2663.1532154101783,0.20978797364217514,0.020844170823693275,0.047443240880966187,-3.0492036233470263e-07,20.612991333007812,0.08544650673866272,0.0,0.03951205685734749,0.960487961769104,11.660305896234526,60.77285297827719,0.8390197793743104
-462.68104178801445,51.43349540055722,-30.268950381349455,49.52040856370528,-2.2896468747999297,-25.087766834437552,-3.0515320793903875,-28.341320010459317,1.1391785107270993,-9.837097578566652,-9.76448331139201,-14.190757609794012,-7.855506498198018,1.5214101103660929,-8.436169366602071,-10.633290025229478,-5.469709808970574,-0.8342204798227938,11.993468978657772,1.2892107518057385,2.9339813358319566,1.2762493293837087,-1.5585801456631305,-0.5557838247452638,-1.4120126273121973,1.7357317326924904,-0.5954320002532763,2.0499265920184477,-0.4075357367673607,-1.1223762546371772,2.986087917095537,-0.8237332344193302,2392.907942078758,0.23406423061946247,0.03537561185657978,0.11307959258556366,-4.2720995304195774e-07,92.9256362915039,0.3279914855957031,0.056816309690475464,0.24227650463581085,0.7009071111679077,10.937021640906107,73.73740157686733,0.8708344122666501
-416.77487208737455,29.6784938726979,-17.118104433053254,45.98888632397849,-6.946964578728025,-14.914828679824918,-15.622464342359823,-28.963646888652377,7.209716280575256,-8.193262799294533,-7.740148431206707,1.9350230377333801,-12.974393267946441,8.438004397742434,9.741464235098412,11.635617511463618,-0.7888129322862059,-2.9338117716791774,12.47617975442664,0.14575459659311252,1.3241611470426093,4.665906420649362,-0.6595257327741114,1.8994912196466456,-0.5422101691402176,1.4651277496043011,0.7420858786278668,3.8310074612718585,-0.24439804346871644,-1.5793349220265513,2.2410490200091595,0.030162600068809726,2772.9455286423527,0.25699679388366553,0.03451872896403074,0.19157195091247559,-3.053298973796054e-07,151.45947265625,0.09867862612009048,0.038049716502428055,0.36130204796791077,0.6006483435630798,11.36737825062217,82.22376249644815,0.8785421551667753
-446.4324422233902,49.784645331607805,-4.16306398607563,-9.759910012515585,17.07304496875549,-26.05167019705491,-6.008506640657316,-33.70272029552639,-12.023334906013815,7.197920449057335,-23.977828264544144,-7.107656340370401,-8.673968608777589,21.857678295978985,12.315795436885747,-8.356453467094681,11.978936366046131,-7.074765012226007,9.324183661113278,-3.6704432099259456,-0.3925924882923132,4.5966660524987635,-0.956539099765135,2.291177448264611,0.12403901848344856,0.7709557358723624,1.1408177982602987,5.019680705240255,-0.2223858636719685,-1.8327288026382622,0.4021998021411807,0.3834475775017149,2896.79684513006,0.3125952032942031,0.030658372677862644,0.11077972501516342,-2.620189458531866e-07,149.3537139892578,0.06959126144647598,0.03557301312685013,0.2667950391769409,0.6976320743560791,11.326471684243423,258.06375658724096,0.9579551502037821
-448.26801225187353,51.803483228374375,-0.8476033405750263,-0.38961070561274314,24.66921651193434,-7.239897068390935,8.218477413714364,-45.89068391208149,-9.606684233702666,4.948912887916887,-4.786390518294574,1.920476989645691,-13.911025461124611,12.97438808000929,14.40499012569832,-12.117660111011643,15.778717606650645,-9.184674183410822,7.907481583740305,-6.124726510380414,-0.6447375621729802,3.939175798325095,-1.755543413161097,2.752337587709279,0.29883103170080183,-0.01296981945346238,-1.0118204958234605,3.6627550838106844,1.0842508467622993,-1.3967030781445349,-0.40929818063273327,-0.25536292962819196,2836.370990010619,0.3031501395870132,0.03248652350157499,0.10748366266489029,-3.051625215559015e-07,1623.133544921875,0.004550873767584562,0.5578253865242004,0.4421745836734772,0.0,1.1823907448668542,327.4432501242738,0.9964020131182105
-411.8512576397447,22.423665045536794,8.832974822463136,-8.127914871883382,5.20569167555382,23.604921729192682,-10.01562429267274,-21.94875667940024,12.084830331618537,4.397082607869253,-7.031714434862934,-4.423893351840222,-1.7974201802627565,-7.556092255933879,1.1495301192458525,1.3627480517428814,12.055738497610783,-12.022038542842408,3.851038688896589,-5.445031769585126,-0.9951830924066862,3.346319582981611,-2.16070579884145,3.151265191731536,1.1496969527566478,0.8070049351162143,-0.704475935442188,0.3689074004684859,1.6405848970833161,-0.2925332852874135,-1.3283634059800795,0.41235083291788605,3505.7038913316014,0.29553148698405546,0.031859176233410835,0.36854785680770874,-9.755815568841707e-08,3382.320068359375,0.0,1.0,0.0,0.0,1.044719300852094,378.37953607024167,0.9972465669074575
-464.4127879276572,27.13558596799023,22.873961716372825,32.65059530434676,-4.5017045165304514,15.277040160393728,11.032500871318636,-9.32813190286371,12.703180481482608,-10.14210998803113,-3.723391714192035,17.130510866102487,-5.351353639514936,-6.380698321584539,0.7094691793480086,2.021835515910507,9.393360187971222,-12.515804292610742,2.592850982804319,-3.0374371921208887,-1.1605396969829893,1.7391748858061322,-2.5248368221525332,4.514638275150655,1.1416801793304137,0.6985083413309255,-0.6520503352758344,-1.2022123935434266,2.998120993387828,0.13758953029341045,-2.895617778952253,-0.47163897100969904,3116.1203020131024,0.2752654905486092,0.2062037093564868,0.2714925706386566,-1.4342492904605512e-08,3321.39697265625,0.0,1.0,0.0,0.0,0.2759539565881006,420.4557354965369,0.9993441094086666
-315.95456218079727,-27.980654924203243,-3.068996344552809,-1.1274787087317508,-20.203432218669715,-13.755564983539337,-5.343103529881381,-19.73823597595583,6.97968172747667,-8.627459055810764,-12.375733303947342,14.36051754021293,-3.08629559662298,-12.754213929334629,-7.706427337849251,19.451217304243485,7.671731186673045,-14.00224778370453,1.3453601660292107,-0.8870724157678532,-1.3383047561378036,0.6677932099531647,-3.355939475657242,4.957467437919378,0.848222492115317,-0.7016611789373162,-1.1536151613958652,-1.5210567637512344,2.903191757052101,0.6302206118399254,-1.4768861853610704,0.8778165699605072,4167.374045739416,0.2651113021691584,0.23536221962422132,0.41429248452186584,2.2840494123024096e-07,3322.957275390625,0.0,1.0,0.0,0.0,0.9337588643654193,447.08412443641583,0.9979158000178789
-365.61515053834324,-34.93493030865815,22.434086570984622,-1.8277123678669784,-0.7313036474099048,-0.9740087000351867,-25.883091652714725,-16.640892586632788,-3.0090934549076125,-11.544680491574663,-24.890917977068014,-6.90269863605428,5.369905127363209,12.885307421889015,-6.626216831893604,-11.74617807308012,4.489628159239526,-12.746936050912662,-0.8207113509919491,-2.6024218053784067,0.6262396062983506,-1.40964864793082,-4.439091079268137,5.0601566637677635,-0.9960145115220624,-0.6175892272878991,-1.5367361135167457,-2.8717425940957266,2.7982121195976655,1.363342306545158,-0.7219659442133824,0.8882459528621783,4593.803179113698,0.26522232592630574,0.126416795887053,0.3620742857456207,7.378121887950164e-08,5380.29443359375,1.0,0.0,0.0,0.0,0.0,315.0854187011719,1.0
-381.4175015879768,-35.38739016306025,-8.644938385927418,-8.86888611556928,4.051829891439999,2.874125011490351,-28.802855999034993,-6.43728802309071,10.969765608147402,16.466985188807715,-13.535342364952882,-16.565450756831847,-1.938711299910243,15.942651276000223,-2.650868032104166,-4.35039013545301,1.6413289044356894,-7.574999142910924,-2.432769225691037,-3.279757070757024,2.004705464016002,-2.6879563131445954,-3.034299162641022,3.774574729031382,-1.7984559689610273,0.8824325284573997,-0.08367227384310072,-1.7381248031837695,2.1936665736722856,1.8550219518224254,-0.5453122910439304,-0.7624530065872162,4183.356503327862,0.26062470447723746,0.11906266957521439,0.32623594999313354,7.039027217576761e-08,5548.07275390625,1.0,0.0,0.0,0.0,0.0,268.55682373046875,1.0
-389.9362794658683,-38.20925713451085,16.47071394487452,-1.2719976902053538,4.463392327741772,-4.314374305136765,-20.516600313347844,3.129327195695211,5.067585346548482,6.835495871522347,-13.964499438379843,-9.289331963235233,17.6277322110666,16.282188364537987,-9.738212004373196,-3.151372884504033,-3.992261771388118,-0.5332226659224798,-3.8562922156673074,-3.244848496669409,3.3362416246688804,-2.4793520263721267,-3.0615507662020067,2.0170694018183926,-1.230043352923412,0.07609800596272759,-0.18861603364315302,-2.6084151353951173,1.5085195229055586,1.2709138028467433,0.8985519444194394,-1.134096024489451,4623.711076852245,0.2613577503296652,0.10838819853961468,0.3527454435825348,2.185901341171311e-07,21.945985794067383,0.08280923962593079,0.09140097349882126,0.0,0.9085990786552429,0.686084492552486,216.48226572717408,0.9968407712640525
-415.0215613860109,-48.316359478335535,11.877525930817697,-13.414143470692537,11.787172439609641,-3.80075354623967,-16.17377649602981,-2.0332612147807496,-5.820098863639301,-10.426243137289855,-25.854778464654196,-9.437070003943212,8.610170360964721,12.264264058345894,12.004024832508744,4.384652153277821,-12.807385860698258,7.767644204779825,-4.158507169598158,0.9599773510842795,5.048138411293417,-2.1561935911915424,-0.6745428375725901,0.6067294778272414,-0.6936498488022685,-1.3360678173942495,-0.38881194489760323,-2.3472747798438505,-0.24022890761732557,-0.07044375096671057,1.7273078736341074,-2.659451920089578,4962.907961770543,0.25806852056491386,0.10768438410013914,0.2916069030761719,1.8770876554301397e-07,5708.6357421875,1.0,0.0,0.0,0.0,0.0,236.6512451171875,1.0
-399.4183814326806,-51.821433781446444,-10.846077540627375,-16.564617988196524,18.58033608370419,-2.1920855967711352,-32.10978591316823,5.521077908474584,-8.297928412790837,-7.9598452034636304,-8.309678071357016,-16.454365943782896,8.480024427450799,0.05359579808184106,-0.6054193070252512,7.4766071659012185,-10.132821976409085,12.248591382623639,-4.427113993290578,4.039814574754267,4.783753828135495,-3.461620366091583,1.1971318209198398,-1.688370681220418,-0.9071774224499707,-3.288208555200829,-1.0002559242851863,-1.5610174563031762,-3.1625075609329634,-3.398855888781724,1.4534260077043635,-1.9616005040553484,4611.093487090936,0.2623484685395387,0.09647559002041817,0.30804646015167236,1.2451006873824396e-07,5546.7841796875,1.0,0.0,0.0,0.0,0.0,661.4969482421875,1.0
-380.36334710995374,-20.997123302520194,-8.35095210130999,-14.408457252266274,0.6707668626902561,-7.754892967477028,-19.099682995690408,9.737914571397205,5.2395430631021815,12.301219896269915,-0.8391658289543227,7.188344311690599,11.821355124877519,2.085057202150201,-15.121215173692265,-8.780544506219577,-7.072883714623914,16.588353569129154,-2.71761065703202,6.324778658209542,4.346896676125898,-4.280580539308971,1.4446239848369067,-3.1050060439839426,-0.2694602342935738,-4.62765604958527,-2.5841196539299083,-2.0926401627386952,-4.449382233513274,-3.731307809310672,1.2082524666795997,-3.2697774433994033,4133.420301921433,0.2826219327104525,0.038349476642906666,0.4139706790447235,-7.676884565940394e-08,229.91558837890625,0.004682554397732019,0.7071589231491089,0.12018617242574692,0.17265500128269196,426.34399794036045,928.1962852627646,0.6852481958438541
-450.6874954049344,25.575091328103717,-19.499488724449165,2.443368910902114,18.2966150398833,-24.135986159434424,-24.617248767879225,-13.361195735733787,2.399517782800586,-19.76625967518185,-20.41581875301427,-13.622847777790362,1.9034210976805257,8.889007988820154,13.074717243934453,-5.61093668525733,-3.659460869704066,19.752393741380274,-3.256344381193448,5.517808874528486,3.2853940974734415,-2.9039843906998803,1.7199755087935993,-4.228174464025643,1.7265424092076078,-3.534204238118359,-2.7250812968584426,-3.037645028151824,-6.800495543478209,-3.1044367905833714,1.5665524898881742,-4.241054859697526,2999.9138648752705,0.285706395883515,0.054685487411916256,0.14803992211818695,-2.9725653279576005e-07,237.5066375732422,0.003510087728500366,0.7592995762825012,0.10954365134239197,0.13115693628787994,826.2886045535631,1459.3234559933119,0.6384825671790259
-442.4176431886362,39.35940265138656,-27.314217687883065,16.661811241301912,39.409000510645896,-23.943048944470746,-18.363918358814054,-21.782605422160266,-1.2750347204810637,-16.720574014003716,-29.32603050520669,-25.894131340267066,-8.682972455110782,0.1722995595054091,7.379465606248376,-25.48391036518529,-1.134243696407426,21.12911454254115,-1.7927613746115287,4.30473366118677,1.9010521309971877,-1.6948896923483692,3.8107507956647004,-4.964163469324489,2.523096630463099,-2.198551240435058,-2.124813278567595,-2.8018245795511607,-7.517022735736391,-2.1935196245544635,0.5684927002576201,-4.657624816950357,2584.576385621525,0.2759088191517098,0.43812407925724983,0.06512260437011719,-5.0265391256508e-07,220.1974639892578,0.003673108061775565,0.7393869161605835,0.11044391989707947,0.15016935765743256,953.9984758742918,1690.6716901413333,0.6392750641901197
-450.1463195834662,54.011862544600135,-6.928443009213543,38.01237838063331,40.369615848377165,-21.886092941979932,-12.973516716901997,-25.154997236466873,-8.864031244997243,-28.358127402516352,-31.079984237763206,-25.311045714656395,-29.950153054515987,-20.028375220557876,3.027268432303863,-20.798964396360127,-0.6092236435347709,19.275925885313654,-1.147133252426789,1.2808333866206043,0.6411478312563883,1.0294287756177114,6.137377763541285,-3.7033199092337368,1.6756025210169794,-2.0762220562937688,-1.6144199106219852,-1.8315310827384297,-8.261890763780547,-2.376767857684042,1.2271084613025722,-3.9723871945108353,1596.431434880045,0.24948022152007396,1.212929269298911,0.004466645419597626,-6.874449868232651e-07,212.00729370117188,0.001913469168357551,0.7271442413330078,0.12641564011573792,0.14643999934196472,1030.6627808623875,1621.5842894501125,0.6114001623759169
-415.837907824761,81.08506127229515,-10.100505920535818,36.749537623672936,28.585628618288993,-32.59867126073048,-13.56887227874591,-17.203894843986422,12.429680916926113,-20.453869043155812,-34.69836238367341,-28.418116757682604,-22.70530861294207,-8.956913973102276,4.791054115972288,-21.95519093053078,1.1463035486938544,13.494935081307418,-2.7712258602077235,-3.381861816291071,-2.4151627368714985,2.8124047003695187,6.534940534973261,-1.3695030165959368,0.9775540509251659,-2.3640373070572354,0.22201209160009647,-0.2890130246227447,-6.174925231301711,-1.6606739496264606,0.37402586032558327,-3.0201284442262777,1249.3436208248265,0.22810312793656862,1.6476636081933975,0.002654364798218012,-7.248766425684528e-07,203.6331329345703,0.0015187339158728719,0.7057664394378662,0.13085539638996124,0.16337832808494568,1146.922539010521,1075.333320364479,0.4838926696167704
-403.3383895873033,93.01980377172012,-13.108928753575702,8.81630929914083,20.566263361508465,-12.381659212914023,-6.422721601758995,-25.697146971925058,19.190082511237545,-21.20225869375879,-29.701161699725866,-27.919263521781865,-36.551921074695954,-3.849305050645389,11.728289316702035,-28.698686221238354,5.008077230085002,8.89555175816926,-2.714286318876805,-6.688307005061804,-5.273026655105722,4.448487747478385,6.453572250172547,1.2420894836544008,-0.006364518116943711,0.06168355492472967,3.741214684460114,2.5871322868703928,-3.730670069442271,-0.18201933213114932,-1.0435153904691719,-1.1279858052157703,1193.7281586186145,0.2341946979545184,1.370234896428883,0.0024270943831652403,-7.291663918245743e-07,198.6728515625,0.0023804150987416506,0.6285689473152161,0.14203694462776184,0.2293940633535385,610.4789419239734,885.8826303416516,0.592024445669469
-411.49322431411866,101.83914540337494,-15.584740797839975,-2.350083823796431,19.337827866291406,-9.72250287709493,16.045848834167195,-36.66268951147323,10.631160730323376,-14.94719022454785,-22.087725273344688,-22.14048549480827,-45.14448614151212,-4.961023283454883,3.836861426652944,-27.963919920691545,2.089940866175945,6.283636964321083,-3.625267569843624,-9.028794143288657,-7.1042582370085405,4.4525844342019365,5.396342623456302,2.412892042822363,0.011719663705867411,0.6480284391008216,6.073239019358793,3.994482755550682,-1.2427388566853916,2.0121298673156502,-0.4576681611076475,1.1031248029758989,1287.9452724947441,0.2390885168733132,0.3416446363553405,0.0028140596114099026,-6.448603649656201e-07,197.8070831298828,0.015673916786909103,0.49786949157714844,0.1557411402463913,0.34638938307762146,142.15466723793386,416.04406323081616,0.7453332308395636
-415.5288149323628,101.03648209180156,-30.12644273190526,-14.604299049951958,15.768276612125792,11.011795575512691,23.295706564480682,-10.204969694326444,0.9709348784776721,-17.015545190680335,-10.603802704421533,-14.151505603635542,-49.99070095381907,-21.661901800090277,4.902966998439652,-27.059974281580427,-2.414014973284743,4.2612422673385675,-3.975426161944313,-9.329320268801954,-6.0031136189575385,4.137434069476313,4.3514172440884265,3.2268909820525784,-0.43554933975001564,1.1361673542340849,6.500218863950499,4.574564410068829,0.5220819958742013,3.4883939087711675,-0.06586280876792397,1.8460340937506499,1515.406274994772,0.24873200902663317,0.12798115238547325,0.012796705588698387,-5.75778610193288e-07,195.6499786376953,0.06555553525686264,0.30715182423591614,0.19574947655200958,0.49709877371788025,32.28455892795965,158.08859475856377,0.8304143294220949
-416.7019961702741,83.83900316154346,-46.26874150776477,-35.545668723069475,-18.673995925669658,-1.4160402290989893,24.147126154362155,-5.596220730076318,8.007664840760933,-27.898034644882074,-8.83185474183777,2.0248738407852835,-22.000732957777757,-1.3899758215618543,-3.785967715989242,-34.78075773839873,-14.201548203063503,1.5753303036061024,-2.566390112506193,-6.410955783696138,-3.8080949252825906,3.74377969192855,2.7711683656462105,3.3647461345420986,-1.7457906120090918,1.721689178235869,6.710006792834073,4.177641673692721,0.38720714661816896,2.3299401116803766,-0.3992466219427225,2.9250633020596415,1941.584503947282,0.2291976279863645,0.06994199007749557,0.03195624426007271,-5.872092471251528e-07,25.376596450805664,0.1469402015209198,0.05075451731681824,0.056870732456445694,0.8923748135566711,5.594310069749201,98.41403648786799,0.9462128737269164
-413.24799542064324,96.94783651165424,-33.02783206201805,-22.642382114586397,-2.623917653340754,3.5280871615573064,14.764759680907165,-9.47995710417926,-9.125827674971841,-17.505871688722138,6.941019647107719,-2.904295231752754,-28.438241235159232,7.148215160007714,5.096760267837031,-10.925401043433464,-27.16478130035616,-1.088684260832604,1.1991329597324079,-2.5885009125460035,-2.560122153645811,2.2421547814619682,0.8341231546849185,4.3450381289673565,-1.5175034375413403,2.6325814463729427,4.8850250412742,2.5595298563894815,2.412684607846949,1.8863790891589918,0.13555438964697758,4.1809145189031245,1782.4093990409895,0.2246309707714133,0.043527799658477306,0.04098817706108093,-5.379650807479368e-07,36.32271957397461,0.24307775497436523,0.03520727902650833,0.10717348754405975,0.8576191663742065,5.500842333589974,51.658009289945184,0.903762196451739
-435.2626228090928,98.0308361162677,-39.78019315773715,-31.27627527596871,-10.08041395886873,2.3454032779829364,15.489907436559625,-7.022386255395257,5.862902503860457,-12.46393478774354,15.549208301778094,-1.445387647955105,-25.4505820277106,10.641484895406965,4.95716580853015,-10.339105416222317,-37.01855197421883,-4.420114935371107,4.278167966868744,0.19658754040490217,-1.0625422142061327,1.8702307542011647,-1.4111144094381605,3.4037410766453324,-1.1969651342850078,2.293144611550023,2.002608395859364,0.6354342034863769,3.563727844196637,1.2713902181431682,0.26141782258008495,4.556613428918559,1806.7135429965374,0.22267085316728624,0.02890537865459919,0.04487071931362152,-5.574611088885482e-07,68.17463684082031,0.29479169845581055,0.047867994755506516,0.12658727169036865,0.8255447149276733,5.30945704770311,24.42461277651564,0.8214352398076871
-465.53101206377966,107.75718461219004,-26.669618178774847,-26.879824044982872,0.42048995229727093,3.935873346895043,17.8845971865634,-0.2629760763437168,4.341641534047079,-15.918550177999062,7.102562401112087,4.52904962516746,-29.902746271028526,11.20721228882788,7.136214341459658,-9.002950260307387,-35.72403042216589,-4.857207574455663,4.494895290198402,2.2954588485421996,2.070872190603651,1.1765197063117374,-2.797805737683581,0.5161285958155448,0.37050257552284793,2.5345717478809777,-0.5787789485804529,-0.6345459946967964,3.6853028510423247,2.4158794052827215,0.6068378509860656,3.110514494150728,1750.4486397527824,0.22358504475182797,0.004853278398513794,0.04553139954805374,-5.656643415664017e-07,56.976009368896484,0.3302675783634186,0.06390522420406342,0.0,0.9360948204994202,1.0430607980448763,7.440030556325241,0.8770423711743318
-570.9021696437991,96.58829623462469,-25.60276702675256,-16.170082631431576,5.880704274905256,7.156848724290867,12.178871534402614,-0.8097357731167498,2.287472221276431,0.28964114967072085,15.144274057765482,-3.2490780289010996,-37.119149502985834,-0.30398363195701333,1.6378105099752882,-5.697093932105757,-28.229574335884383,-5.469264765474074,2.8281317442449105,3.1863328464461316,3.4212811994043246,0.5233322315226371,-2.7861869739625225,-0.8685678581271399,0.5520162198776472,2.1143244886436428,-2.62776676898176,-1.4545148381550743,1.9504419500850279,1.1449939426864764,1.0548607263934906,1.5036533632268698,1724.4904931728042,0.21732955953221345,0.0010114824399352074,0.03719659149646759,-6.846860670907684e-07,313.70538330078125,0.029083073139190674,0.13267101347446442,0.4485582709312439,0.41877079010009766,0.25068699218234697,3.922063480840114,0.9399228413481513
-661.6121448699722,73.71936723691846,9.041035950022737,-14.57579114758259,-2.2172284114250504,11.18874904551448,13.859218061747491,7.974254231156291,1.536134586343067,2.4518170005461393,0.7017661073836989,-12.167583517586431,-15.56216950979851,1.5111793244147897,12.108486296275089,2.175986979688524,-17.675136552941193,-8.69909351226002,-0.2113127239523398,2.538412531139578,2.389589082631366,-1.6660123898921575,-3.4417984692249024,-1.96216375758033,1.1697606333443682,0.7789330349686685,-4.171365735042161,-0.24662152874323354,1.8808092584643983,0.24308490382340991,-0.35050386336592454,-0.7937912909328809,1481.5276602494123,0.23269079870353815,0.0001096576452255249,0.035735972225666046,-5.722600423353028e-07,1506.738037109375,0.00015039651771076024,0.916618824005127,0.08338122814893723,0.0,0.3937167389277251,5.782821728479502,0.9362560856691308
-692.0381655766473,46.94827395229612,7.289628982428261,-8.05108420771976,3.850371419165585,13.809852310391825,7.160667003210403,-3.9384790413439825,-8.253987057363261,-9.64121096967454,-12.556226032610883,-13.318274286436314,-9.584632530006637,-4.8277262316936325,-0.8677633394102842,3.4358659682070996,-3.89552202106617,-9.160618404329878,-0.4266047638204404,3.541375758190279,2.2787289356250238,-2.8416345121834454,-4.231128711279453,-3.262729325951024,0.6885711549567005,0.04514671757591965,-5.305242094811929,0.029798803775596384,1.616323199232294,0.10908387728062902,-0.5795697235844208,-0.7648793088702219,2045.3821647092507,0.2489173530922782,0.0009611854329705238,0.09582438319921494,-5.317306279800179e-07,744.482177734375,0.00254235602915287,0.12561559677124023,0.8743844032287598,0.0,0.37191187105251833,9.733332765483127,0.9631961536380954
-586.79518277673,67.82128498968078,-27.450581785340574,-8.603198352967452,25.74445978315277,12.206979462015067,-4.651005352290128,-13.98661531187993,14.287588874902088,-5.856825057859034,-13.271348134183324,-7.079767690517947,-7.544127502874101,22.709487136386826,9.1408572912161,-16.77592153186402,9.7596495712368,-9.898739230303802,-3.5417417526951356,3.0027853273085667,2.0556439883688555,-2.600961111917673,-4.286214969271137,-4.515162957542083,0.5336038901069219,-0.8852605187352676,-4.976434550481848,0.26492272662691213,1.8697917955135972,1.311331514695421,-0.7197265481322545,-0.8942015379098647,2266.4387381105676,0.2464696271052908,0.002914837561547756,0.08720523864030838,-4.4580258737263906e-07,733.6168212890625,0.0076097059063613415,0.10763422399759293,0.8923658132553101,0.0,0.8053097149932088,16.12308841733101,0.9524284749981455
-532.5771661061492,57.695680746716164,-40.492277653881345,-12.96866760606627,5.062975889938478,-7.620669422462064,2.0871103177008847,-18.84600613010855,6.487667244058056,-10.923905992045569,-17.436164199969284,-6.550642782537851,-19.932807944875687,14.272593141104526,10.673266997645172,-17.520286925886452,20.947604664101295,-8.812358728708228,-5.083031881290267,2.1834245029397747,1.3170081610410758,-3.174053894158682,-4.069291400474438,-4.532814473231774,0.8854318424393012,-1.4298939518795222,-4.224695371455936,1.1808673525820943,1.6848960865469038,1.9656294125716274,-0.5014768491673797,-0.2865792084436591,2401.565268762958,0.25624537256640273,0.004714065231382847,0.1199096068739891,-3.37503140276176e-07,1752.8692626953125,0.0,1.0,0.0,0.0,0.07917617902637986,20.49321723833202,0.9961513384748139
-514.4730519022816,29.09075573675438,-43.496076748207344,-9.464962351855231,9.707974498031483,-19.78634811557655,-14.28776711609748,-22.40069312702431,5.6143994192779,-9.52504729119929,-13.778356711972343,5.547030910262314,-22.427371547641464,3.4509557592403697,-4.823801587019931,-15.84313861447847,24.27684949891544,-6.0259054977116175,-5.473966625928714,1.873853112965048,1.1786255312901939,-2.2560293238392353,-3.3053953897363018,-3.667850538594733,0.5502992425382823,-1.346022116720536,-2.6492436311659704,1.1915519715859515,0.10815031304833622,1.1406703359795132,-1.7274824952201486,-0.9752396343904466,2820.344338111803,0.2703223535697664,0.005892586894333363,0.16485314071178436,-2.778284424739787e-07,1697.6551513671875,0.03732961416244507,0.6343355774879456,0.36566442251205444,0.0,0.082484041385396,22.897307599849956,0.9964105835826037
-494.85566553834445,40.54221001366001,-16.991760940564156,5.68935911570329,10.55334881004489,-15.353246838663717,-14.174313543776224,-24.85168579239521,9.948940330757278,-8.897927103745134,-28.585236096328337,-1.3830631350910456,-17.409946362552674,5.507070112283251,1.4578109085533364,-6.032580158868842,17.524688292928424,-4.312384254397966,-3.895527897171628,0.46231318327102155,-0.077704605085165,-1.4147687980209693,-2.6734164849537736,-2.510188995798077,0.33217267018616875,-0.5178021057133343,-1.3831013671391794,0.7932063450113891,0.027022008821648374,0.45849241404324315,-1.6711441934526086,-0.11823937248314748,2855.8335095382063,0.2594403212007635,0.012095537036657333,0.2275315374135971,-3.381647642413333e-07,1670.6842041015625,0.0,1.0,0.0,0.0,0.2598104352509836,22.345774663015618,0.9885068033354772
-489.6059429257886,20.938114874833616,-48.03996602565072,0.44135600601741454,21.484913804053882,2.649207354104891,-11.301856783569644,-31.04460247373465,0.8750528117175232,-15.997675867500707,-26.286777289027626,-3.4458357356853906,-10.618126821010708,20.773926640466662,2.0562021779259556,-7.915757638276151,5.205612580332892,-4.290488372730879,-1.5585896602627798,-0.02742959392534655,-0.918540960734282,-0.04879012685881354,-0.7299070632693768,-0.640150716507032,-0.5833154032513814,-1.0915400886279112,-0.7015483185608352,0.3338625878389914,-0.042032950910864175,-0.4429596006126988,-1.9693123371673267,0.6755412262696066,2691.719307709961,0.25155726413720403,0.010007879696786404,0.08714187145233154,-2.554852885580629e-07,1643.198974609375,0.0,1.0,0.0,0.0,0.7015792396025269,20.25540241933302,0.9665228871685637
-502.3645338781811,16.874518858114577,-42.88542506213854,-1.3363561145245526,8.516852654752853,-11.46942195060647,-16.913012624280945,-26.977687513613432,9.131594858680879,-6.7762348521166125,-19.84349179045906,-1.201683802463175,-7.92027229390827,14.380631741876655,3.9832484568036435,2.074053738904448,-1.1070212354278415,-1.4992855170249986,-0.48010454993375257,0.7133943624160637,0.9575507199726844,1.1180157461405447,-0.4823146181016683,0.08814062955247295,0.13257188914392679,-0.11335637042077983,0.34210351330196365,0.027821033219196448,0.18535618955232142,0.4540847095247357,-1.3715364655485622,0.8430966429583464,2865.6064110715915,0.26373119134885037,0.008282646536827087,0.1667541265487671,-3.2196197982189543e-07,1645.4075927734375,0.0,1.0,0.0,0.0,0.5926035222752404,15.120630425478666,0.9622863425666778
-497.7396212275123,33.616053832568014,-31.017609963657083,-0.6908243829381107,12.719473390760243,3.019795291680186,-10.27567138266947,-19.733683997063572,2.5923865473016736,-15.323316155684612,-24.2764564902078,-6.4906076960549965,-14.281900727659693,7.374126889095167,-11.595818400269549,-18.733257002739524,-4.297113414556033,1.2938176985247598,-0.869324023488106,0.30980171064926804,1.200898463371922,2.04139714804773,1.291467960574926,0.9155338674695149,0.5684465931274797,0.23013979674366764,1.2390424613311042,0.3542956400474003,0.7028002503584045,1.3830815613011436,-0.6388482380073578,-0.633674650384354,2676.3213477284653,0.2542339323165807,0.0060773566365242004,0.1139957383275032,-3.402402578085692e-07,1656.2230224609375,0.002470688195899129,0.8593102097511292,0.14068980515003204,0.0,0.4659601090128973,12.879670536739056,0.9650851936951202
-517.2826057027416,30.365174663942216,-46.13547231791932,-15.343402271415469,7.782368928269721,-4.205804135519708,-19.968496860452724,-31.05419443599737,5.362877585708263,-10.764052657894492,-20.718146333171504,-2.288311935663107,-13.084551486234119,9.166418143731121,-8.757411143400873,-8.648738592329519,-6.940980600955373,1.7254104717562428,-1.6870971737143583,-0.6357219381155927,1.1511607497957512,0.5784124725130286,1.1481011162506467,1.1977337111465083,0.866114716908515,0.3149939527759723,1.4894704391860392,0.5358172450204967,0.7649191456189819,1.5624884669822696,-0.3139447865091272,-1.2393675066320287,2705.7611994988597,0.25907895971676687,0.004289837554097176,0.1553950011730194,-2.9208538470853454e-07,1693.6026611328125,0.0,1.0,0.0,0.0,0.16254173901721547,10.870124467342649,0.9852672295185079
-526.6714126267178,27.61611270177761,-46.36284805313532,-9.86423143973735,8.93017518584874,-3.4600493317165895,-0.37927901430339606,-15.234738964744606,8.096792873900926,-19.981105018555475,-18.269472500043776,0.7048974619125553,-19.75596803767023,15.71474840290065,-3.071170140947023,-13.878063668300422,-8.49454926522658,2.4517193443933416,0.3741075843773193,-0.09126558437864785,1.5211706729518986,0.013811579913010755,0.8177478610945736,1.3874797552663778,1.277390919242979,0.893359743813076,1.1180095770038603,0.17145077628948496,-0.359449122796025,0.1797580092799727,0.12401929709111634,-0.5817545640214057,2834.9539489305853,0.25522213544258504,0.003811800852417946,0.1674957573413849,-3.4407891912108457e-07,1694.2261962890625,0.0,1.0,0.0,0.0,0.04592200847223915,9.589970859569753,0.9952342757333322
-526.7868244366101,38.231413202999065,-35.22750075101247,8.83112543688454,23.586436217876795,-8.761525654214699,-12.938429722056494,-22.624837605897923,8.478148428878159,-4.0177354037194695,-13.37239974066963,-1.287909807609153,-20.402771695566326,13.40629522334929,-2.6936373996119554,-2.3351894332986127,-8.290126590610985,2.8763334830612544,-0.11829544912864168,-0.4743276605514656,1.4238149883901141,-0.07748641884907834,0.47254814977338316,0.7529155962949811,0.6921335637641839,0.6691139059172655,0.610454920669203,-0.0632216424626314,-0.6202100601201285,0.5709618135191085,0.7193223369548615,-0.5768850266586477,2696.9398456020526,0.25386569440640183,0.003986683674156666,0.1762268841266632,-3.2470895582592215e-07,1663.2559814453125,0.005787731148302555,0.8440766334533691,0.15592332184314728,0.0,0.08732673523936442,8.422613412160539,0.9897382668118947
-532.719131140318,43.51945595769258,-42.8851794150052,1.4802938290979668,24.407626133459736,7.129542105941677,-0.5400783993535753,-17.223626278753596,12.575501529750884,-6.7444250880916705,-10.392335817563634,8.986390949862907,-3.7807583860939373,22.10590286377738,-5.544087866518707,-22.459450316600822,-8.848828759589658,1.4685158891112846,-0.5061207612310985,-0.15124669198159102,1.2101032563307206,-0.7799449924391357,-0.14762059666285166,0.9188654476254334,1.178107689038854,0.828365079131367,1.0251213023505843,0.23289145481915174,-0.30544854339978783,0.1424029270607636,1.1424044944015501,0.23110517441025616,2531.6198821756793,0.2516968512891797,0.003515167161822319,0.10417480766773224,-3.3615939475086177e-07,1629.506591796875,9.607388346921653e-05,0.9489723443984985,0.05102769285440445,0.0,0.4209204980949489,7.35713993815383,0.94588361693189
-547.1913902627621,40.30889938811478,-46.156961137457145,-7.416062334845751,19.041258579592665,-9.771297807192571,-9.485520131382325,-20.552573483370878,13.115946179111527,-11.327758405143186,-22.901302634571472,-4.425737760863722,-3.454418976123859,26.34742783034656,3.656137507627095,-12.724499997114009,-7.133489613810239,1.9029319762048005,0.6886613994978726,0.14543840473806263,1.006228114686077,-0.19356530148759488,0.21911004200990422,1.0064502152864534,0.7901182810892178,0.6957420795302989,0.28901422408466937,-0.9439007194825446,-0.35301266959765004,0.2546357412026532,0.5327417536417424,-0.7586013690854256,2572.186133845632,0.2581604523345944,0.0024004653096199036,0.08662272244691849,-3.071817101237073e-07,1635.8834228515625,0.000750576495192945,0.9387521147727966,0.061247874051332474,0.0,0.5101977779159016,6.244640688728386,0.9244692851745779
-563.5382299758816,33.219858945907085,-36.76790836955463,-3.4970391275144466,26.61407626095098,0.666844917782629,-11.231571513082015,-18.413609734100753,11.277277908022139,-5.159661892874868,-16.00177248533297,-6.444633477515149,-22.78026976973922,6.06934245606817,-0.37998385664754003,-5.258451429410466,-7.514977389314237,1.200094555013735,1.0532746790570242,-0.3713722911197741,0.10387464824612441,-0.036331080338699154,-0.08037565881856175,0.3745958389148727,0.3451716553582687,0.8937519005105647,0.0868326815167485,-1.579512160630199,-0.11296317801973371,0.7774508865241762,0.9230836668723602,0.09621041077133956,2806.6432393328187,0.2652789762787963,0.0025303009897470474,0.16993598639965057,-3.5858404801794343e-07,1665.4766845703125,0.0,1.0,0.0,0.0,0.1334992915155917,5.31979498567557,0.9755195144934754
-560.9011542676586,51.36896909296405,-41.20580574440862,-13.146411249857973,9.954317765397283,-10.731656476497612,-14.309153798143448,-21.427597914221835,8.003718333939164,-7.389584069456545,-17.77038700399719,-3.186149562694812,-19.658515082099754,13.735353810906624,0.7726627092889892,-12.502098476504713,-7.081611626212186,0.922505706379916,1.171299443395383,-0.6865686140649527,-1.5029678741821844,-0.311021993022009,0.38853866826093186,0.16745265613667648,0.2552835498631111,-0.039033369770743426,-0.7348578310504955,-2.0552687828108973,-0.2707101563875487,0.8454521670305037,1.2613926819572168,0.31895428139327764,2421.498967077059,0.25567220178417327,0.0021384218707680702,0.11592929065227509,-4.111422454026048e-07,1648.53076171875,0.0,1.0,0.0,0.0,0.038214907932755615,4.977618469905379,0.992381144855887
-574.2235910665496,36.569701679127235,-44.37177605743577,-3.7290672420089788,21.53640447989529,-5.595994425678561,-12.171568777623433,-12.099280319967416,15.533679367092354,-11.011907222526947,-9.862080735709714,2.035364804533555,-16.658093495583405,7.670888866291918,-4.540343242723201,-14.089137951945418,-6.609748483661773,1.3515556628940935,1.4857692207835895,0.935072389764385,-0.19238871490422485,0.3274812710839329,0.21397141902066436,-0.09925696346761852,-0.9352615405782031,-0.48981500214819984,-0.5558224509640686,-1.6649589810297707,-0.31113662307715273,0.5945724431658517,0.7313578641336872,1.0917011450970175,2670.2578683160637,0.2611337806128008,0.002155839465558529,0.15121281147003174,-3.6721644433034856e-07,1630.1903076171875,0.003632036969065666,0.8786624073982239,0.12133762985467911,0.0,0.07711483970989713,4.269945363842349,0.9822604619906387
-563.8588764556063,48.20008388196588,-35.83902058689047,-5.5300977661164445,19.685565372392908,-2.906585129180933,-4.479393591338546,-18.610159172284725,12.19875788505464,-5.765086277897072,-19.0871239965459,-12.63779725047968,-16.32539789758595,22.863459722376106,-2.6885810693608696,-19.086248616071693,-6.565123128744982,1.816481606781423,2.065854946569814,1.6856296881823372,-0.11153081667508567,0.6802473055068372,0.00041065202914811194,-0.07993719782308328,-0.31838299919697566,0.2498559714442085,0.8719429974922226,-0.31701091990422026,0.3436885442474287,0.5951460474462295,-0.1524171735756702,-0.07840258368574943,2525.805771251908,0.2576853324762023,0.0019048210233449936,0.1161188930273056,-4.062373755392746e-07,1636.9432373046875,0.0,1.0,0.0,0.0,0.08272446325520466,3.6857248432328324,0.9780481422125594
-587.4123634878443,38.85088773082887,-30.599578517418315,-0.6266306399766927,17.121294073984593,-1.7933629974360212,-0.9075373887950717,-14.970227077911769,10.28287865476495,-4.115115871967827,-14.228795533955878,-11.30975334226508,-14.018754475212805,30.654163830095897,10.990289002136837,-4.112369682130546,-7.20018613174514,1.2347775648939354,1.2103390706483406,1.6607625305986378,-0.6054684453331453,0.3659509261685932,-0.14174340764932558,-0.5542171382624611,-0.32346710425020164,-0.2197441056750368,-0.18684018945048964,-0.8542114452054139,1.4977867611256637,1.5501547957699509,0.23475709055159596,-0.7481718873816645,2756.1180447984952,0.26468677058066314,0.0014239642769098282,0.15072853863239288,-3.547240495168826e-07,1669.8367919921875,0.008068601600825787,0.8034471869468689,0.1965527981519699,0.0,0.03200297109895556,3.0202729249734324,0.9895150464149928
-580.9859912000591,50.787372038615,-30.130213126584948,-0.7721856780247739,7.453931698614193,-8.601323225152083,-9.102819409947932,-24.35288667355556,13.421362615325165,-7.893492593583542,-24.95993467555148,-14.908803156380806,-11.87998158234831,21.018479455497246,8.038919313267535,-5.922639748139579,-8.58833183395821,0.8870525142009631,1.9019066098332833,2.273280204375613,0.21587019146197678,0.6636385406056515,-1.007619964325547,-0.6280915989302409,-1.1989119049931334,-0.2067706917098034,0.17042241823326268,-0.40741434187279785,1.7519137781028948,0.24572061412796423,-0.28784836234832467,-0.1392087783482534,2493.916385008682,0.2557487100076459,0.0014668749645352364,0.13488321006298065,-4.1368472868498774e-07,1676.181884765625,0.0,1.0,0.0,0.0,0.011881717347243859,2.6555098212727515,0.995545566829911
-593.8429103893036,53.91064332351746,-37.04456332685321,7.184189568243745,32.52586976236451,10.438116356450458,-5.236989768964106,-18.288296851708132,-2.234044167232663,-17.59574693732779,-17.743002778841024,-3.33022286462465,-7.342672720974549,20.4467636275209,-2.680631743473458,-10.112331665624598,-9.014479250611103,1.4656972913445954,2.02407919740738,1.9198186367890986,-0.6503669145767463,0.3225023885141125,-1.0024253579972442,-0.124319511415476,-1.6506493692211803,-0.4574933568399825,0.0689712174495713,0.23299912565576403,1.5281540558921158,-0.8002220742691641,-0.20580587626668642,0.21521836444692832,2301.896322646887,0.24719640507228852,0.0009559551253914833,0.09363755583763123,-4.551778359211148e-07,1655.212890625,0.0031243879348039627,0.8615573644638062,0.13844260573387146,0.0,0.031075366782609595,2.0213216459279617,0.9848589884948387
-609.6001153123464,51.75853722087746,-23.94249141485222,2.8947395296459826,15.288421838275454,-8.911866286324287,-19.394471700338386,-19.665235043358642,17.077570784986847,0.2749013742833516,-3.82978241671841,-2.3191031855522413,-14.426390103954311,15.104171100204145,-4.420420544092804,-16.04405000687594,-11.033073401152512,-0.03283705919492477,1.3280802245015926,1.4906033918433401,-0.039150184307004565,0.5364017653069121,-1.7438509056506821,1.2226226820326496,-0.8046549225452377,-1.0431375115417199,0.2690799034206549,0.8906839067198769,1.3214730111053974,-2.3812176989109615,-0.7838389579768994,0.08201043133086569,2449.671065879981,0.2541473232000484,0.000972433015704155,0.11302823573350906,-4.0212123574837387e-07,1637.4808349609375,0.0003875870897900313,0.9172765612602234,0.08272343128919601,0.0,0.04474555588856899,1.561814674366558,0.9721482238599525
-620.9253628210527,42.13205346202366,-36.651116287364495,2.737429319687863,11.094647303505242,-1.8021046993901937,-11.855167250853013,-23.518448819996994,8.198092590578234,-10.380166124483303,-23.85116507623235,-16.6575446273989,-10.006626552577192,22.36835911174951,3.4244540963807713,-19.103871452500453,-9.56848853068591,0.9301094452052996,1.735666088040823,0.6797761592087858,0.2192095071633898,0.827530303351071,-1.350402433277248,1.690364926554704,-0.8826571366444594,-1.0612066475993067,0.42211617462145545,1.0849473421269957,1.4596898200692916,-2.055438927037018,-0.6705561685204645,-1.163222689257811,2410.709924605908,0.2325351938396187,0.0008869664743542671,0.07131733000278473,-4.5475801396701037e-07,1628.15185546875,0.002934723161160946,0.8651344180107117,0.1348656266927719,0.0,0.029413379298470446,1.2943153013121862,0.9777799032918878
-630.2215468074196,54.95882740117824,-22.80471980812323,9.937795694567262,19.37111636458322,-3.6777249220290598,-21.120852258562284,-20.927540144167214,-3.7884459030389412,-10.61478632838655,-11.472356453798735,-2.431912268711267,-0.9869329531863794,12.829554700462625,-5.235010806495317,-10.8502888350366,-10.313227182217183,-0.23296823986850954,2.45670624876187,0.08295959205398548,-0.5434644522009877,0.3654535484131333,-0.4129024894341069,2.6539363723740084,-0.7541158905689846,-0.7033932331428707,0.7025210611818957,1.054429359993745,1.2232703834370684,-1.7326219122616948,0.3082180003611098,-0.107686417794846,2265.0836454238743,0.2273894800568201,0.00043837353587150574,0.07539311051368713,-4.742675806992411e-07,1696.513427734375,0.0007993954350240529,0.9130001068115234,0.08699982613325119,0.0,0.029795589061075545,0.8771219829604089,0.9671463096754622
-635.7587463671802,51.60272924872388,-22.307475223360598,10.868530932564747,13.071438367425728,-0.0980971370606416,-6.680127143537703,-9.123839298794305,2.89268265952278,-13.14660590296856,-15.009941424596551,-2.597591397096527,-6.609093196417659,8.814465966686043,1.1801433333454592,-7.011728871148766,-9.193033052730456,-0.17455148888650712,3.207471489087219,-0.3436509377687447,-1.3053628884852315,-0.5543549661993866,-0.41850903420430235,2.4479908022558834,-0.4009905174197083,-0.31689820007212544,-0.11810369699624082,-0.2502282583675547,1.0968252223796857,-1.32664457203052,1.3271874379548825,1.0053708280838045,2291.4794465851937,0.2330590900447561,0.000284501351416111,0.1313493400812149,-5.182021515861927e-07,304.7100830078125,0.10419302433729172,0.30636197328567505,0.2723161280155182,0.42132189869880676,0.08578579534835563,0.571765672070315,0.8695375197243157
-661.7067994017746,39.00256663971258,-25.89800310901291,3.964281307970522,21.53491766943729,4.466248067539861,-18.644154065262395,-5.060745048755042,11.668451113037037,-15.081779763581935,-19.681814563784116,-8.718275111699153,-6.84108454678166,7.139031142729248,-1.9778625875029532,-10.969863264177567,-8.905987402532451,-0.5712904091663857,3.1795739613761267,-0.0926795747752423,0.22445619597773397,0.37117187492431825,0.13153089346891483,2.433436896585539,-1.1506138609027092,-0.5682088452693991,-0.46417725045027347,-0.4865071488684828,1.4744291614612783,-1.0546540498770391,0.7672097121527504,1.1802230116921297,2226.3812510844823,0.22357211731913576,0.0003087623044848442,0.08510734885931015,-5.083524415003795e-07,307.2807312011719,0.04235364496707916,0.37183067202568054,0.2939831018447876,0.3341863453388214,0.05297594425509074,0.473609455849432,0.8993972407047832
-644.2858094341398,61.995017950406776,-15.391731663413562,2.414726785267797,18.555239269210567,4.7784844889928255,-12.854409069625163,-8.350511899446378,1.0108459904428824,-14.144148799970768,-11.311530166311728,-0.016552706845694654,0.37076599918114794,16.616969089469446,6.717792927098905,-20.624034074166964,-8.50869390957919,-0.3550351663801131,4.589223185746601,-0.3089710713083848,0.24050295519236264,0.40581653397626904,0.2323309178057073,2.1339667593061105,-0.4132223201969731,0.23620153542077307,-0.2920994868032958,-0.9020395600795795,0.9408053851389896,-1.265826895123976,0.17293408536879862,1.399583693081114,1755.440756303627,0.20998551770037813,0.00020132679492235184,0.04687671735882759,-5.896076952232672e-07,39.24030685424805,0.14284726977348328,0.0,0.11248540878295898,0.887514591217041,0.09673902589854093,0.346343843154346,0.7816683228910978
-668.0905367184437,45.239883814327754,-12.127397561657276,1.481758997635478,6.162492103903796,-5.989855165876324,-11.252211120330566,-2.8980771797442326,3.7068689572725093,-12.663139180190406,-13.530013056596115,-1.8930177193109847,-3.958040988535274,5.272539940113738,4.953169528218808,-5.214288225342603,-9.353493703120801,-2.048330648265029,4.812831495316062,-0.13881271678019907,-0.2979699305741838,0.7497427278784649,0.9727074310061161,0.9782663854886154,-0.558187059359381,0.7773586728295717,-0.4376739258959622,-1.809666597881146,0.22852656414302594,-1.0692446655003631,0.01212889806681081,0.7361889906619639,1925.6854433944682,0.2116158370569512,0.00017572566866874695,0.07294416427612305,-5.767633144847355e-07,19.97503089904785,0.04265585541725159,0.025395115837454796,0.1170586422085762,0.8575462698936462,0.04290491861174907,0.2626872606866518,0.8596007309144722
-668.3190536705551,50.23894399130699,-7.650182867194186,4.743890764579673,15.518627426798599,-5.395004318460058,-17.740874355973403,-5.6944704497090495,1.5085234883061494,-9.64694982601177,-16.456838181340324,-14.152116089348546,-2.4667145993238955,12.219144317704288,7.7360308015089085,-2.3641156623990374,-10.207293433720057,-3.127064666782022,5.346419110189217,0.6162925876951278,-0.24246987897363412,0.9205682113843793,1.3896315536005739,0.43829470650412095,-1.1652955711390784,1.3043379900623047,0.4134941001459458,-1.4353837894522685,-0.014574428246712276,-1.8162530374212498,-1.0982633408505762,0.6111291290970446,1914.2911346527399,0.213810658713749,0.000131949782371521,0.08229008316993713,-5.542711743460089e-07,67.80056762695312,0.0517258383333683,0.07357529550790787,0.3605995178222656,0.5658251643180847,0.04807466413402295,0.19229166064834857,0.7999941789784825
-686.5783974909543,39.3704128044237,-5.067179072557799,6.341169209638623,20.57064159036495,-0.712693732746849,-16.397978057058367,-5.739728704339997,1.5583414352645233,-7.5245813784588025,-16.233960857814047,-12.410488769380096,1.7757025717996358,8.724153047061073,-2.624459956443082,-10.310445678162512,-10.036785976770839,-3.860213677569092,5.524847706113787,1.475554798264918,-0.8026655832554749,0.9760070717015996,2.6104223917667433,0.616482152681786,-1.2250506711089002,1.636261698889349,1.2610254143753281,-0.5233574414696537,-0.2732117034799962,-2.2974559932698773,-1.3213932376145974,1.0602875743049007,1898.884976407377,0.2184817397970818,0.00010085385292768478,0.055174700915813446,-5.609537823588238e-07,20.088424682617188,0.10558073222637177,0.0,0.0,1.0,0.033530098322431326,0.1292935340370734,0.7940710581348603
-688.4120454712347,47.62040024894253,8.11277838223831,4.483283775334872,16.422059573751323,7.323849317345937,-8.229971264910448,-5.155157402071086,0.6721424084454886,-11.509284989943797,-25.475956073695414,-18.633257655061996,-0.7584726073403417,5.2242905500857955,-0.9501495236385934,-2.2776987880229185,-10.708673993096909,-5.335339610904704,4.607600709583849,1.6504582638620948,-0.5938612987382568,1.3905729470208816,2.7914213707841604,1.070284131880362,-0.4276392421649168,1.6475263181712638,1.5010354974580844,-0.14390427522509724,-0.5970820574258626,-2.637980376546796,-1.6215898725885654,1.2335479077548615,1677.6473347451733,0.23234095698371282,7.005129009485245e-05,0.044338829815387726,-6.237677067462439e-07,20.01332664489746,0.07824765890836716,0.0,0.08009923249483109,0.9199007749557495,0.04706511087529043,0.06071797572262903,0.5633349131031572
-712.589867922497,29.975709834458215,14.221763200136095,10.873805365124664,13.629892501365429,7.134799257349554,-5.269329384955939,-9.554574319022255,-5.565211140701244,-5.085295856762867,-10.625554204641904,-12.170163868988162,-5.546023342513368,-0.20958847881725406,-3.386618476887551,-8.252664933401043,-8.48643559701349,-4.093640779454903,4.211398440464027,1.7228367112638625,-0.45242621286680673,1.6038040201743666,2.772194001173403,0.7991556441572627,-0.6170234236185821,1.2983377206425188,2.0185286736510992,0.7793147035849226,-0.4570677429606924,-2.1087614933856464,-1.2971370608516508,0.3231065740027956,1742.6175702389933,0.24730208082880867,3.6261044442653656e-05,0.0503668449819088,-5.401951642863859e-07,231.37310791015625,0.013226239942014217,0.5307809710502625,0.19036376476287842,0.27885526418685913,0.010867571993772154,0.06831099225669705,0.8627460336437238
-724.0207632707641,20.121578454142476,14.281677052515047,12.681645657091732,12.827711534989449,9.11703986888885,3.10745048206565,-0.06631111607078766,-0.9550205457589878,-3.680970337594683,-7.841525287767695,-9.601711434288362,-8.667822110142545,-8.084428885517823,-8.50886126584051,-7.781818962642541,-6.669663317654737,-3.3631256675752614,3.540958522909328,1.529884512351625,-1.0386140585407444,1.2070607753972593,3.0547360967494734,1.3766275150589997,-0.03442299517814944,1.1333583464566268,2.182901940264778,1.464605759760002,-0.73365223615324,-2.3213163512258874,-1.0748785873891373,0.41179369416349,1808.9953195306107,0.26188997760520544,3.8232654333114624e-05,0.03650398179888725,-6.513819497053441e-07,33.55439376831055,0.060015201568603516,0.0,0.2560851573944092,0.743914783000946,0.021275576122202523,0.062274415127835624,0.7453551364412284
-725.1844601236724,20.791164023900336,17.604335252492604,13.76654269164294,9.831021485802014,6.110396987577392,3.1716205070175816,1.1667569616695745,-0.3877737324930197,-1.7085759977545294,-2.5663869599505555,-3.120909221895001,-3.793388337995673,-4.3069826237083335,-4.037331423177287,-3.199626847812185,-4.3791571530705244,-2.3299846313497294,2.49253409700411,1.3314595239815878,-0.9799140356091969,0.4633846653599255,2.200764832159705,1.1358152336110225,-0.15099270048745955,0.6036293329801029,1.7887106899680225,1.2386391538271582,-0.733669830369283,-1.598223562347066,-0.22603193984490233,0.8809420994346904,1981.1620033404324,0.27586309222926797,1.2511387467384338e-05,0.059305522590875626,-4.5587642947141216e-07,69.28095245361328,0.17836567759513855,0.20407548546791077,0.3411286473274231,0.45479586720466614,0.01703523349700296,0.05515295761885321,0.7640163407105908
-727.7417543686818,17.708822140730433,15.635313841703645,12.855976487566076,9.976567969867512,7.343994238017197,4.99271318458099,2.794756209550124,0.6798995363172902,-1.2399875388612522,-2.7284753870039906,-3.589481760912218,-3.777969116123913,-3.3828726527852915,-2.5501937843966647,-1.4374050270604732,5.738306191659806,-2.1482452270888373,-0.5989903176687449,0.12935143507460012,-2.0029149076888038,0.34620032981918775,0.01338124282165621,0.8468858444727874,-0.3643073729594701,-0.0004001299829779967,1.4687482983840348,1.545945080398243,0.9307329354124986,-0.3468700314887293,-0.005206573242593446,0.28845369630875606,2246.0443551142816,0.29523684251378907,2.5884248316287994e-05,0.10254845023155212,-4.7324785682451297e-07,47.54875946044922,0.09874441474676132,0.0,0.11354225128889084,0.8864576816558838,0.04990064230240229,1.138843902680508,0.9580224005964885
-722.6148343838097,24.397193349398343,20.701474683535356,15.477968162912227,9.801040565571952,4.653113221333377,0.6613535230726759,-2.003116916334538,-3.5471661105846857,-4.358376439354932,-4.790749692995565,-5.027949240800353,-5.06873341474744,-4.8146220385181575,-4.193104276209189,-3.242101963324853,25.069591282335324,-4.297391462047623,-1.5722324430291459,-2.6852837574686457,-2.7597129075558944,0.3066941158740738,-3.0206445249072504,-0.6359614891803127,-0.8172359713505427,-1.3463104577755465,-0.4393133066340702,0.5354711958846843,1.777305206069172,0.46729223792678537,-0.04540529234430002,0.48741297210108986,1757.7291565340906,0.26929642256022457,3.607012331485748e-05,0.03926093876361847,-6.235285439581713e-07,61.20423126220703,0.2123289257287979,0.04672273248434067,0.12073058634996414,0.8325467705726624,0.2853896587361614,48.51587605781657,0.9941520029338222
-718.5231732667173,28.27389907569262,21.53079391655406,15.930028547153665,12.189080873114946,8.932580204046072,6.564088712431295,5.497193809188285,3.523071304032858,-1.0000570237836324,-5.6842496055010825,-7.5041359482315135,-7.266581648449823,-7.118589498841277,-6.247964402552101,-3.171874437953373,43.42111710849359,-5.526280647169679,-2.0011000060169963,-3.9334746759300594,-3.544840260666084,1.1569493016722396,-4.596036751261692,-2.827159650530901,-0.8108234802436888,-1.6529695492236007,-0.049260179074642946,0.7968511282443828,0.9740618077728935,0.9899145470925687,0.5392494809423168,0.6166588208011408,1802.6916641370917,0.2561700370534062,3.617722541093826e-05,0.05359747260808945,-5.848825715269363e-07,267.0908203125,0.061159368604421616,0.03866539150476456,0.10242287069559097,0.8589118123054504,5.351237022117297,129.23998001889834,0.9602408155616384
-723.7396779352645,22.32296653499815,18.67905579277025,15.382339383985974,11.673876940881506,6.7156325083529325,2.0812923126877516,-1.1827591413682814,-4.2624982793152455,-7.325767766764713,-8.442745090453563,-7.251907474533533,-5.809371315295119,-4.864912629782288,-3.128001865631628,-0.5170674181279327,54.132359842700424,-2.5573842324729923,-4.2557824280955225,-4.152392756072835,-3.769793647685841,1.8768329548228384,-2.3744350706217663,-2.955576292015635,0.6868694788717924,0.14239888091386352,-0.2250159738793081,0.5759175031728339,0.6955658052078371,1.2669909298775217,0.7662554301393654,1.3073122860847433,2201.7097373298993,0.2816985764328178,0.000891195610165596,0.0943647250533104,-4.2520057299248585e-07,5096.69384765625,1.0,0.0,0.0,0.0,0.0,189.17799377441406,1.0
-597.3662965237511,16.15861167505545,-8.613889117048672,0.9901069744596022,-11.827841810223015,13.287780100363612,-14.642971265014971,-0.7200151113482695,-7.218700662359068,-10.512939553692508,-5.604385591448208,0.2951985167685857,13.018248441775029,3.156723351342815,-2.3137157991056676,-6.04694496331283,57.15884276863073,1.7659070823988459,-5.44330558136442,-3.6350591716478213,-3.405891707241041,2.3184576402411508,0.8027935805667015,-1.5569629548150759,-0.021676881110386126,1.2128850215989273,-0.20159353146628045,0.11991797090376796,0.09680740624369696,1.2957188838834413,1.7262313721671902,1.1772662578377115,3342.147519070083,0.27253407895037934,0.038208555430173874,0.5026180148124695,-1.2084410098021518e-07,4458.8896484375,1.0,0.0,0.0,0.0,0.0,223.42620849609375,1.0
-434.56388511742205,-34.92010750123031,5.798720893020281,-22.213208345999323,-10.748692056415234,7.9073915699596,-37.11386073305188,-18.104570008659444,-11.8994212920271,-17.407362555587003,-15.215985956516793,-8.51661572086152,6.729146456317228,-0.4181748730099832,-8.244279086337155,-3.1502882135008807,55.170588083304516,4.8188301878960225,-6.5976646704989355,-2.4266280131791125,-2.2149030811615575,1.616891391714693,2.5328887197699155,-1.103749048295094,-0.6162825885017291,2.012266150469395,-0.19657410969231418,0.004946576419636042,-0.07776812663885507,0.9152424298424684,1.902191860217189,1.8330632742563528,4425.088591165938,0.25459494042638464,0.1560121262446046,0.34539487957954407,1.198407655708575e-07,4399.23388671875,1.0,0.0,0.0,0.0,0.0,255.26370239257812,1.0
-355.5759559326498,-19.695515673117143,5.749593933931793,-13.378819252342648,-14.476111422120987,21.63601070425769,-26.156132329413392,-26.467914429579903,-0.3555039382429339,-11.323099818306256,3.257725225123948,5.011484783195161,-10.161745393096375,0.5904581535989208,2.350577100374254,3.0545707054680387,48.321435375319155,6.352994139731889,-4.666881345324457,0.9292347885462675,0.5800275689848446,2.252432525628988,4.023646769078327,-0.5110089863840235,0.17598958845667134,0.5940338099062822,-1.2032146566917283,-0.213638580255825,-0.6474806088455474,0.8796816931021572,1.2079722822013388,1.2072039519652082,4074.06436833553,0.26846843852078717,0.11205418035387993,0.30183741450309753,-1.4374417891508297e-07,28.46826934814453,0.12827718257904053,0.0,0.3477652370929718,0.6522347331047058,27.964914111486607,239.61003706038838,0.8954875484831032
-366.63810512912573,43.17112617266478,-23.830563584453103,-6.262683196888727,-12.09727670366613,20.827939811847095,15.106100705610734,-11.614855662920823,17.55339163882322,16.892455116130435,-5.238624898988734,-1.1383719586024725,0.45778348976267824,6.950831424366212,4.822947119537375,13.71393640049045,37.45332304268045,5.918315576967263,-2.37575342289889,0.617222329407789,2.3371978841201213,1.9284712869945035,3.347972409817389,0.3388043269199743,1.0589775498190452,1.0262698323239638,-1.0112264930571282,-0.4353219462332106,-0.5053517074827395,0.1516946699533788,1.0964434433767192,0.918080009414843,2600.378409010591,0.27422963478282514,0.08539295382797718,0.17096590995788574,-4.995396225735604e-07,66.24801635742188,0.3043941557407379,0.0798935815691948,0.23199933767318726,0.6881070137023926,45.76557816333357,199.1101237409633,0.8131069035946252
-391.10921665172856,68.4124546427253,-21.504557461522673,-1.3111117350560293,-5.749831289877369,23.340083883241686,32.359955288535225,6.862122783470598,-11.622153618078574,8.697084212975511,-8.19414915330003,-10.649528463135454,-8.157793271430858,2.2626122428898694,13.56103680501446,1.0496426947762472,21.643119231304546,9.238370872804492,-1.5143114030799738,2.266347347412717,2.4441223019654785,1.2693749742276526,4.499593085053378,0.8374590969202907,1.448582873026894,1.1896136331464904,-0.7271540093817599,-1.0518654841896327,-2.4876251274529197,-1.0585902001764196,-0.7885703185650463,-0.537742507074588,2119.892151554124,0.23115328649097203,0.06474281847476959,0.09409376233816147,-4.617667166319572e-07,166.46253967285156,0.09157423675060272,0.21550032496452332,0.169388085603714,0.6151115894317627,44.50191261108658,427.5506691760228,0.9057267890737721
-379.61485214632853,65.11518151077401,-28.323042914524514,6.4241460240207395,2.5793226956411517,8.95764503493645,15.673670457181558,-7.930026281138497,-14.056230386625316,6.646188514822478,-9.674524477406521,-6.830545532900033,-2.9054255409055374,-3.3881926248177736,4.341475003919236,11.696828474468806,9.481149250183996,11.398544129422849,-2.1928241571703033,2.280893210083871,1.1306324718684166,1.194106598045165,3.8842343676749573,1.4047224648825054,1.2730438373036264,0.9690834801171089,-0.6793421400609438,-1.2086224041647884,-1.3237421421773312,-0.9898660339551935,-1.5137740425553516,-2.517506855064901,2234.705785053545,0.23538220480432262,0.09044782165437937,0.13192464411258698,-4.983983629602667e-07,154.13888549804688,0.05016440153121948,0.22552499175071716,0.21441856026649475,0.5600562691688538,88.8116972714375,590.0909516543437,0.8691834574338999
-371.9052469117175,45.824920037530326,0.6318030587636462,33.75017346280177,25.00855099345778,32.781269741632336,20.168053003795062,-2.520988165588499,8.346737456512653,-20.74848338764317,-24.00809339911839,-7.396933558906753,-7.000888513683633,3.573899873850113,-4.934670675223871,-1.9885870604651843,6.215233176585783,6.157917166282151,-2.1396764128472485,0.6013332877776796,1.2677447743390746,0.3202366508691391,1.8340858733444512,0.8822272630953525,-0.6194209628931411,-0.13774606092268257,-0.8867668953150053,-1.1674242152881762,0.09451091141110321,-0.22152411011895987,-2.2545529034646914,-2.618400913453137,2417.4901415967424,0.28343086465785655,0.12760248500853777,0.12191880494356155,-2.215850168693203e-07,190.63998413085938,0.02559584192931652,0.2413931041955948,0.18071047961711884,0.5778964161872864,73.97121331667508,709.2144556286374,0.9055508594580268
-349.62682080985996,16.80333183268813,-0.017094929936312175,-17.26497960548552,10.25897319083362,20.071439555084513,-14.830177241262835,-8.1697456139116,3.843153346074659,-1.2868839494674489,-9.716123775506986,-4.940419393673274,5.941003757252795,-1.8354046187809212,6.18887397081956,3.288037954647077,7.315083727214206,2.445444189589333,-1.259351168105927,-2.3394820721235274,-0.0035703220226865895,0.35027053364278143,-0.9500560515745426,0.0014737751827200024,-1.2656535782387714,-1.0653102978029114,-0.08602003550201526,-0.2741502723729414,-0.4980433739698412,-0.6138294618936098,-2.014617301943059,-3.279908138367488,3596.6541179877822,0.2829125718995972,0.3202999271452427,0.43886253237724304,-3.150168641692874e-07,173.1211395263672,0.030147958546876907,0.2314576357603073,0.15037782490253448,0.6181647181510925,113.52669594619631,876.8043587413036,0.8853649035755828
-325.01347404102,77.69536357683292,-23.2846830259289,4.537941967465412,-14.333237273793697,20.600312900475046,12.834177287446956,-8.503917431046084,6.254396263452356,2.515164423910626,-5.894708161206339,-10.537678426841733,-24.444647627759757,-10.566172189804872,-21.2041434537453,-15.915971331070594,8.89696724400552,3.498605693284715,-1.779396165948657,-4.194655455677665,-1.3655751210533154,0.16419726691473635,-0.5481796741203444,-0.22749270792393006,0.7076794749667219,0.49260306928127673,0.13316730387939846,0.0707860572091275,-1.233914522488325,-0.27780748104920516,-1.7897952341813512,-2.788230129466933,1924.3181808766774,0.23535981226341895,0.5834120977669954,0.05575311556458473,-5.579003521024511e-07,172.3289337158203,0.03377653658390045,0.42135798931121826,0.1275635063648224,0.45107853412628174,440.62083348275263,1231.6732339000598,0.7365171341112651
-328.57514237802013,81.84567582393692,-22.758758201968725,-4.7015542047633625,-12.764081107718127,24.613717557257683,9.92303711404903,-9.883508071562071,4.1017074939823,3.2012528974605825,-12.349557517969515,-13.896204384327444,-5.44564532352706,-2.83339651095153,-9.343885864659267,-20.712477850338367,6.067008750923776,6.67540382632298,-0.13100523604437264,-4.610184895219948,-3.170528703252738,-0.13707062293042643,1.0997238280035495,-1.1833160863469565,0.5911456172803731,1.0689662975481942,-0.06626939308929831,-0.3002410262052462,-2.111323585321117,-0.6483211845715262,-1.0558731675257254,-3.6279074674698326,1815.6751855548164,0.22841154993332835,0.3166962256655097,0.04471554607152939,-5.790687672857835e-07,127.83897399902344,0.050083793699741364,0.25894612073898315,0.17153304815292358,0.569520890712738,307.7629365553612,2792.276125944639,0.9007228843409578
-331.4395594866637,51.103837535128655,-33.335830509584156,-2.531912123655633,7.411953864164177,22.19166401958314,22.63130438957988,-6.79006623621706,-12.971176146949817,1.9533389424608218,-5.849899411887272,-3.4599606797873004,1.615309741662348,10.631962668140991,-3.921851325793817,0.18337233467146152,-0.45887822338955636,10.769849308979571,0.6071087911018678,-3.48687393905927,-3.0284199942027117,-2.7533997092968217,1.9140227203448945,-1.8478115010695502,-1.9393185155469692,0.20231200566737326,-0.13697268841187393,-0.4074646938847931,-3.3180882231246294,-0.6058631049918495,-1.9080369119302143,-3.3781297135050874,2302.0363489357505,0.24514772289816308,0.3789590932428837,0.0981544554233551,-4.845707761881322e-07,148.8391876220703,0.08935528248548508,0.0,0.21741719543933868,0.7825827598571777,96.96958396832767,4888.543599625423,0.9805497287044725
-338.9068901965399,76.50139380579513,-30.65039715510065,-27.57340599906578,-4.515021431045076,22.16051566336143,12.860533706862398,1.1188659411619049,-8.975528780143652,1.8771654577652828,-11.477942526775049,-6.324786239010256,-8.711644709775051,-5.276003363995652,-1.3740976825826783,-15.148483674888322,-9.599487561490678,11.37198265408577,3.1287932179714115,2.055300646972645,0.3421975581362432,-2.70963806770509,2.863585453042088,-1.2616448597073717,-3.4445771202026236,-2.780463260739154,-2.3328223646064017,-1.149204277055086,-3.6963665815070663,0.16865184626503588,-2.7627880184502596,-2.8827343930039127,1843.8006807437584,0.23375375066574408,1.1012667631730437,0.04196005314588547,-5.82963957847521e-07,172.6106414794922,0.0034324743319302797,0.5159415602684021,0.17946042120456696,0.30459803342819214,775.2980846546442,8216.403087220357,0.9137762621516287
-313.68144277447414,93.4518360741188,-23.78075166813841,-23.732593109857937,-6.358637871377681,20.060123276125303,18.827183457749054,-0.7739573523867544,5.776830566315338,7.189952168203549,-13.264814616082589,-9.69659726731206,-23.773283589581624,-3.768175342567588,-5.622431908674685,-15.725675881531853,-12.792870107437123,7.313305655788177,4.248909076142984,2.0617355138726166,2.076530057116076,-4.876718278675093,-0.22127090291749768,-1.1973118713861481,-5.334519652978244,-3.2486633141316816,-2.904490144512083,-1.6612785797081187,-3.7940408012166165,-0.051022020101597385,-2.8480139292231583,-2.4765215610757787,1591.3815524055585,0.24325343091820936,2.4690989581868052,0.019110936671495438,-6.687304797963456e-07,182.33309936523438,0.013375591486692429,0.5526760220527649,0.19351240992546082,0.2538115978240967,1509.4551548435322,13503.860274843968,0.8994589062014431
-336.03101793065355,106.32490240204989,5.850732573482435,-12.694875755213285,-19.502516678073423,15.00006970619485,16.88054278717345,-32.06280926248816,7.9541182059379665,0.28528797790643234,-17.856317272718584,-10.686659158769864,-21.184648122640397,-11.18568832295649,-11.519888789165282,-27.225542023446476,-11.20142921023832,6.990394758329511,5.549728678977629,3.4141482712448123,1.251122846636723,-6.886689727490707,-1.5884317694550214,-0.596662846974201,-4.50951977803651,-3.33570998382764,-2.2093201430297333,-1.8455082134544156,-4.658029283715577,-1.1517442336424302,-3.2338924962318023,-2.6862067047050053,1307.5483999582502,0.2164588462705739,3.7372859129682183,0.005119631998240948,-7.727368830534255e-07,199.5810089111328,0.0031776451505720615,0.6920978426933289,0.10253734886646271,0.20536474883556366,1512.344498961627,16701.284407288374,0.916966327427333
-392.06835110060865,133.68931600109505,7.558508357115336,-2.1272830235541593,-4.146196138278876,-3.8328032255037945,21.364476554286867,-18.93393648770998,-20.318172004489362,-20.89930426038562,-16.49038912274829,-11.51261925945034,-35.94715512316024,-1.28968063325356,-30.0569551022429,-31.261494048103202,-12.03528789462792,9.345389438128738,7.26689069109966,1.5553436540888361,-0.9627580362177178,-7.124727773757807,-3.273007122385072,-0.20568605707906212,-3.0227538149863373,-3.6503277336212037,-1.52926845174834,-2.4489751879314223,-3.841528089363359,-0.6289724502246253,-2.4524060374628163,-2.29974639127707,805.3786819907904,0.1810494538185316,6.391229567117989,0.0010142418323084712,-8.938874155595241e-07,219.4211883544922,0.0026585788000375032,0.7850285768508911,0.13598360121250153,0.07898774743080139,2107.341953311846,15422.390468563153,0.8797847050601789
-444.0395678392593,122.56099440197401,7.088894704264645,27.860279864144374,14.563521430304265,3.091414745388186,19.19815750063404,-9.686280842518777,-34.50928429030252,-25.28415219399116,-32.154589845023175,-21.492891390940706,-26.66096461143515,1.5131848164607595,-27.100190961587906,-21.21004176203226,-8.765617577184168,6.563324121129781,7.276437874625214,0.48948615773082405,-2.0649444772952044,-6.738419586721119,-2.7640449602141,-0.26892244511114005,-3.011950588652426,-4.000566672466094,-2.1798919913188075,-1.803319095271075,-2.0222197859377617,0.808921939561093,-1.4420256119813128,-0.8091991365650821,538.20384901904,0.1756930644575003,10.392212125472724,0.0001636859233258292,-8.989632643859273e-07,231.95034790039062,0.000794238701928407,0.7472145557403564,0.19476968050003052,0.05801571160554886,6719.1632710427,11653.7117289573,0.6342889574417341
-400.71277881614657,108.10984309808083,-11.509238428954717,7.120652012859985,5.844960492409247,-21.606389058914104,2.1871851013144794,-12.24416199696179,-45.3640685107583,-13.026440498087833,-27.69344754168094,-24.642544347732137,-43.54428689445028,-7.153195596450562,-35.00312390452599,-33.948924034909965,-1.8738540182685075,0.5982812709441325,5.354306132180998,-1.4862546698505064,-2.9052848301595264,-7.168219677541964,-2.133537094701679,0.35683407654856414,-4.864941293902201,-1.9151544892790093,-3.921356535890705,-0.7651407556713667,-0.15746501816825365,-0.1702217998334783,0.5059693502889298,-0.1312514047812281,711.5085299693117,0.1546333344130872,9.497497972100973,0.0003453202953096479,-8.573264696740538e-07,237.8549346923828,0.00044581101974472404,0.7484624981880188,0.16654279828071594,0.08499478548765182,5701.260238523587,16740.886245851412,0.745957444734932
-372.4786001315894,110.85792274683192,17.41276698622751,6.153076308341064,-2.9143752433004653,-30.330306461836045,-2.373485132597505,-4.80031077994539,-19.955791505928353,-14.996589346516993,-17.961981280279765,-17.653831761185245,-29.428259267951507,-10.78490908470103,-15.569641436192487,-28.491622558512557,9.70549740005973,-2.671745921988024,1.6099313860683493,-3.5871983627476487,-2.5519150449736783,-5.058271633289022,-0.06660005968685301,-0.14387127741829536,-4.564051175162165,-0.07444782848645876,-4.520483289537012,1.6280710603747086,1.1133235225515437,-0.8307677597538355,1.6760411331924523,0.5499929479518777,898.6416995755765,0.21522966177053626,3.4646243462339044,0.000913499272428453,-8.223187184615042e-07,239.5816650390625,0.025575025007128716,0.49688273668289185,0.30936694145202637,0.19375018775463104,1835.520920136491,22404.408767363508,0.9242769701150152
-416.2722899568077,154.12925588932006,33.1748595986272,-30.06203050907662,-22.848210028897938,-21.500716085164452,-7.297692816749114,-5.295004334277347,-13.89098616480939,-23.64570458252542,-13.137012517108502,-21.52327275887463,-29.215569905522663,3.8468470473878216,-11.47586253149738,-16.697720360430903,11.18002401205781,-3.0249349749855137,3.4849270679554905,-2.101741372655639,-3.491754742602067,-0.464097956663724,0.6071550111694872,-1.9894546815164513,-1.1985435918346157,1.2530785537450702,-1.7747292829565418,2.775552771697943,1.9916167299893108,-1.4464139147258939,3.328179059683828,1.9800628861788696,817.1736769971177,0.2099054563115369,3.6603198032826185,0.0010886311065405607,-8.474594071011419e-07,266.447021484375,0.0023831408470869064,0.6645341515541077,0.25671228766441345,0.07875357568264008,7556.830075081626,13275.539065543373,0.6372553681210877
-373.0631204381998,133.57154881470342,34.76538200434831,-27.21999537457012,-33.91386934739146,-20.636564074119974,5.414853332653123,-14.827878363045688,-19.187496079086085,-29.331869344542127,-41.418577362273965,-17.738498476126303,-28.942138246407623,2.4120480586257047,-15.352990371100969,-25.252539599955533,-3.7355651457083616,-1.457676742551788,4.535410766047508,-1.3914586726221543,-2.7564552681695327,2.0894418791766487,2.1016090620878876,-2.8501784401346084,-0.6279649225890638,1.2832117405170822,0.18658751839182197,3.895595054634071,2.3703372829897105,-1.5770911292217937,2.527989809061014,1.978577773004834,931.2114043951283,0.2334865221526155,12.524077947251499,0.0014619624707847834,-7.610746134704404e-07,260.2729797363281,0.001399440341629088,0.6877558827400208,0.23877117037773132,0.07347298413515091,8503.001146822691,11377.651196927309,0.5722976791807423
-319.80344866666,74.69686829846366,19.458709550180487,-15.738398811385833,-25.408914708071322,-43.54630982013162,15.147389471940006,-16.388602971099814,-53.69304424438315,-0.5231877299438016,-59.63830803128235,-11.839267272091949,-22.991110213969712,-16.013544991286654,-7.331249134610594,-24.635690415584563,-23.58944844236743,-1.8477306894064331,4.995657928880358,1.5785730891587235,-0.8109438394135446,4.382373468714702,2.4177013156484954,-2.7985879080457914,-0.9636690747899732,-0.7285045559933919,0.5516957491461516,4.224126082702133,4.116612755063781,-0.6843236837554726,1.9521486917335462,2.5960669281435798,1556.2569439046154,0.255994771561634,15.697486317716539,0.002036376390606165,-6.312728675479164e-07,256.4782409667969,0.003013329580426216,0.6469318270683289,0.2743549644947052,0.07871327549219131,5786.939981003452,11131.897909621548,0.6579587783502502
-276.2455796705836,93.48291894502857,-3.9347156872285103,-19.458706105712842,-10.422215406159584,-19.251303680852907,29.80722876713716,-35.296369216627866,-51.0046599336696,-11.434842250836933,-52.30974243189092,11.322378401710388,-16.643421396005817,-15.80374873278127,-15.178966905503358,-26.236552528215423,-17.488512567984486,-9.142058392862086,0.8745297074373042,5.720644911323144,2.447315185599328,4.42878702737583,-0.8431619420795303,-1.8354650721997852,1.8017066782483686,0.7106574594248942,2.270163617665999,1.2377756212174618,3.4813702386204404,-0.08809863466585666,1.2479872282406517,2.5198438148581923,1431.1486734923772,0.24402785213357278,6.168359491042793,0.003615005174651742,-6.78656874361865e-07,246.05978393554688,0.024787582457065582,0.5274665951728821,0.3076803982257843,0.1648530215024948,1641.364637758594,7173.418565366406,0.8137941002137522
-390.52201704433907,121.15192885186217,48.27799442596974,21.608629196854892,-14.406403523698945,14.509291027900911,14.087811470326407,-24.989078047030834,-21.952380139381418,-15.157914796140977,-6.158384661646338,-0.8712518875543558,-23.984180180518848,-8.867253780624077,-2.9652874002794833,-3.2570552300847493,-8.117113009548438,-7.883626648532337,-0.7540078565742007,6.717093264760777,4.097908924595327,5.053044232437517,-1.3125680555746357,-1.2482333613387078,2.838214455455999,0.5683017849916645,3.852087697417536,0.4271065090308999,2.859509819929941,0.31480038530260557,1.0252102281600526,2.097878149525669,1035.0968208847312,0.2361951427218717,0.30753947235643864,0.004284421447664499,-8.804851824034495e-07,236.1960906982422,0.014957224950194359,0.5190820693969727,0.24468816816806793,0.23622983694076538,483.67844951786583,2833.488298529009,0.8541892867451862
-579.9498369067802,119.45987774697699,44.38241040262362,5.347400169420142,-7.200688328934662,7.318179911176857,20.09519613315378,-24.858841529439246,-36.012575673907065,-11.99887312368051,-16.707869774822754,2.2034586302935164,-13.724519260899168,-13.383120650027266,-14.440211818423846,-13.69331927193883,-3.6276804774949865,-0.5543857976955946,-1.2754589907764675,4.731580968528115,4.143178637155422,3.605196258291737,-1.2415462928251908,1.1105688559469766,4.069502380206363,1.365675320737818,3.7480098940526383,-0.44314459551173085,2.3736166174366398,1.3880116751387663,1.8093550490128498,2.193738183504224,748.6535474913884,0.21624383684452614,0.02981686405837536,0.0004266560426913202,-8.357128814488757e-07,251.83177185058594,0.015842096880078316,0.6057978868484497,0.2782250642776489,0.1159772127866745,1236.4506078228392,5445.016189052161,0.8149432384516015
-636.0305995184033,100.45323749302321,45.321854951176476,3.6278532842514344,-13.198279022475742,-2.458470462802723,4.810347884569668,-24.21492298575597,-35.79152855569197,-34.92044767173459,-21.12511759390827,6.235149444071453,0.7367253511148129,-4.5583925669302765,-10.866759173857641,-12.580976910794677,-5.435514612779627,4.469270802491067,0.43463627966463003,3.7922506831150087,3.6841666744135595,0.9710490474770881,-1.4514765488238492,2.936874611192414,3.5847484402830947,-0.6713487658281434,3.0991428182341862,-1.8825856623246398,0.5235775664777996,2.5297820473805697,-0.5226052937817253,0.7445687817521923,869.8065061536302,0.1819598958972649,0.11545865423977375,0.0012183536309748888,-8.574455509404162e-07,2003.7811279296875,0.0,1.0,0.0,0.0,0.23668595684334637,10423.322884355657,0.9999772931736758
-348.86455615144996,9.426131046636932,9.407130665290142,41.07488235913684,10.450685980551299,-6.6714574726264555,-31.177221689626478,-10.976747522153662,23.972589232119166,-0.888486482118217,-3.643782843824575,-32.6189964944772,-7.032469132239973,0.30855265771054163,1.1454597592661424,-4.9057918832501555,-3.848718524290626,4.221985768210613,0.7228652683768044,3.598141429974987,3.474546986651282,-2.0693938022349982,0.2298309680125988,5.154346605068228,1.1516683530138656,0.46168987975927844,0.6455167007244137,-3.4107621022202186,-0.3584053403790137,3.2041918881312594,-1.5693382441011277,-0.15178401648631798,3347.2813948654225,0.281980733340312,2.8320575784891844,0.3189006447792053,-1.1777016189714808e-07,243.4417724609375,0.02024698629975319,0.5825191736221313,0.30186063051223755,0.11562013626098633,1113.856861066892,10936.481029558108,0.9075663378755996
-322.1382685801758,109.61149518961805,15.872576031346792,3.588557545452894,-1.5636922680291387,16.63482687360625,8.054371568522072,-25.60307479949606,-16.386612225659583,-19.11407726536209,-11.843856327636606,-10.713780024875444,-15.34881775851823,3.8137411447465834,-6.888480459018285,-9.652773971539013,8.905720960457307,5.884813599388511,-3.032999473496669,0.06589803210538603,3.657260816997086,-3.2302196476784455,-0.646652532654229,3.916059482511297,-0.9171617815523043,0.7221143588152094,-1.7858111358985607,-2.4492920439678922,-0.02929605074312426,1.7049201684075903,-2.2046775108085646,-0.8640413880219595,1260.9108618205937,0.2621988922098091,7.890156688168645,0.006696080323308706,-7.869684826660897e-07,235.01327514648438,0.017663290724158287,0.656760036945343,0.24982693791389465,0.09341300278902054,2276.2896187225947,10572.124443777406,0.822834973433314
-328.0405788065385,146.27285846980928,12.391208974265563,3.4869016314485473,-0.3885884387530486,-13.742455451484659,24.923013492659734,-3.61184126509968,-20.153621868850095,4.763882952627903,-41.63556429018641,-5.035695729027292,-10.055310841237986,-0.7716074149870953,5.268413468407326,-11.918054082731496,12.191437473043397,8.912998008825703,0.9702381776830207,1.1040405649484941,1.695445614189731,-4.489536965492688,-1.084121152541707,4.20778064916199,-1.7114284948136347,2.528385273485036,-1.2510272161634655,-2.445978215565229,-0.6226615174813825,0.4024074189902187,-2.015548544627778,0.09136720687797542,907.5826100889269,0.19775956234800085,6.328955597244203,0.00142988923471421,-8.565557255368524e-07,215.9967803955078,0.002481494564563036,0.7530331015586853,0.16150173544883728,0.08546523749828339,3206.681896268662,8780.657947481337,0.7324942866335291
-454.45311292730247,135.42212919845122,38.68033938067423,24.014320910740068,11.494165977370761,-30.677568856903328,12.873227102037578,0.7375951075514684,-40.83927137211886,-23.5419785457446,-21.580085263802356,-14.182618759055051,-26.069223376043702,0.8956639414564669,-32.440685186822584,-23.205054999859662,4.874295036613367,10.717085475537774,2.0988874494190637,-1.479120098513711,-0.5552012559540498,-6.465092638090571,1.2239363135919283,4.924428147659361,-5.11891518979318,3.9935325883136175,-2.592996432538343,-2.360702126366514,-0.9520208880850951,-1.685840595603897,-0.16611387999622967,1.1411675752062913,533.6029519276053,0.13921490792646257,3.819541540928185,0.00013930418936070055,-9.011607856854854e-07,196.8772735595703,0.04774034395813942,0.4642297923564911,0.4547272324562073,0.08104291558265686,3402.151448475012,9410.213785899989,0.7344634354204022
-490.45574740739823,130.4140004226811,37.46442506653164,33.649219762183506,15.955865634104892,-10.645072453546174,30.940716962801684,12.44736281472403,-32.34517219894512,-10.554416881992378,-20.91718452829378,-21.998718431070223,-18.26893753746971,16.538151252187905,-27.461374549238364,-15.17199627759659,-8.971081540423114,10.87614991660328,-0.29669834364144404,-4.971181720217757,-0.06084753188258024,-6.865977679331125,1.605877702465687,3.8084521291996003,-8.985623960221915,0.913668159926234,-3.9584412527021686,0.07238574295816241,0.7566123492539998,-2.8030610987936657,-0.3130421011811676,0.9638880566229826,544.0671295352029,0.1422074862743193,1.8643532497808337,0.0001461351348552853,-9.069432341639627e-07,179.6724090576172,0.0038441219367086887,0.5496833324432373,0.29083865880966187,0.15947797894477844,2075.925458106383,11548.354815331117,0.8476304497233736
-420.0515073937943,149.5124131274046,10.546229533595955,0.5744963525409092,13.448689363880494,-4.594265721968626,-21.802615546028463,-8.545324678401068,-24.904935285431677,-12.51186851686047,-20.06313643848397,-16.145940840849146,-6.8566224434090355,-8.191393417190575,-16.51335343509988,-8.04356370176799,-4.726099051440031,3.4311626782708835,-4.482940058485704,-5.7831097536077785,2.904491149916599,-2.3314212563460037,-2.3767985246743906,0.6150522842764256,-6.505195032438946,2.2567888922059955,-2.7888001008346692,-2.010073374002918,0.8577454342497359,-2.9199978705841416,0.30628212721202697,0.5315786587373869,692.5496018997972,0.16942854697219129,2.672523181885481,0.0010912907309830189,-9.002889213235109e-07,190.47018432617188,0.015291421674191952,0.4265350103378296,0.5129391551017761,0.06052589416503906,6484.9033772073635,7437.4657634176365,0.5342097805549031
-455.1882871898302,149.41387296334602,65.2871140931017,22.80441679958532,-7.771284793982653,-44.60812170375176,-8.470581791616187,8.20844683227367,-35.57690254665983,15.060412132472134,-25.19900580756692,-22.143326237653042,-9.071095570230778,-12.007538723894918,-19.747025955705492,-7.204698621285832,1.795143180318159,0.32226916254162263,-6.974233884853236,-6.594122673398872,5.996801671013858,2.921718237603169,-3.921969306718575,-2.446048921157622,-4.027243336265541,1.4671920144983281,-2.4495090480792854,-2.978266715246071,0.9640645304630172,-2.2155602141447615,1.0252138059107734,0.8553418979938848,625.3856212122324,0.21446412132506998,6.261351043358445,0.0003255504125263542,-8.636112183908037e-07,195.2220916748047,0.017988642677664757,0.4017607569694519,0.4779581129550934,0.1202811598777771,7536.51686251713,7783.48509060787,0.508060319732543
-393.6129641333934,140.2329687314467,31.290048347412643,-10.889647960018323,-19.452124115055327,-61.14216131251446,19.563480354680657,22.71892738281052,-60.60608845609559,13.549337776431145,-44.923601744226126,-30.075299060546786,-14.207309125165176,-18.933805350609802,15.305780404879862,6.26959718465721,10.360351661109492,-1.2957390655849983,-9.988011558512833,-5.518061729979625,7.0428564522941475,4.17066813947791,-3.867021907285567,-4.380292560388339,-0.9857460483547876,1.9852863886213719,-4.598490613907703,-1.5903240437622117,0.7554169046515689,-2.4772988941690706,3.0475148746466743,1.0394062313820573,802.3731850470313,0.18278707546413478,9.496590662747622,0.0003136493032798171,-8.352931343807152e-07,197.02549743652344,0.02601868286728859,0.3810023367404938,0.4447966516017914,0.17420095205307007,8297.049170827195,7968.908836985305,0.48991327981775545
-374.8513047846147,144.50919641030788,-26.020873824029415,-26.432990759544673,26.157014218569607,-42.41637418060287,9.644870561894363,6.31911867691185,-73.91910668114946,-19.58681746171279,-46.808109019554294,-7.9674252985898555,-1.834673237107042,-16.786973958561468,-11.669980632249247,-8.536299956298338,11.528778293289466,-3.2613572238632993,-10.88271284023201,-2.4052588242879986,8.185873412149977,2.84682460347599,-3.0747892719141783,-5.483139835793747,-1.4997807058327597,1.2461005079298657,-3.9762963292561793,0.017476292506899856,-1.3005483301495657,-1.527018049927767,2.350430279181668,0.016940291027536747,794.3814596850643,0.18212831849060357,5.648281483910978,0.00029653433011844754,-8.44288196469004e-07,196.8138427734375,0.00817109551280737,0.4540883004665375,0.36895886063575745,0.17695289850234985,5439.694600038269,9473.131571836731,0.6352338223926114
-397.1586493195657,155.24629400664338,-25.82298948722926,-40.554984289390106,43.499405640962785,26.892005615611836,-9.631301041236814,-33.75644763387527,-62.94908297410219,8.051416013779344,-37.054235733100555,-30.683591355355716,-16.8785320651194,-10.923544866280903,-15.392272919579902,-20.944560191639212,13.13362090016309,-4.294709775211068,-10.359454619428327,0.24376598085233595,6.58115275708134,0.6183199281037972,0.3570326692262132,-6.74353802034876,-0.860183366594135,1.1219092241505109,-1.488726393272063,1.0657295558124729,-2.323976906388643,1.1714215943469495,1.5244927146841767,-1.4851575422970695,875.5880058838558,0.22218502817209618,4.380804483778775,0.00045290187699720263,-8.073563362352444e-07,194.1811065673828,0.013045243918895721,0.5497801899909973,0.2316448986530304,0.21857482194900513,6559.401287985769,9649.38972763923,0.5953182885964402
-408.49613593406076,131.5110354069656,-17.28810790577897,-14.090818230432966,68.6841359562624,16.928762019341296,-16.72173077538671,-19.183983972790756,-34.26765767757754,1.0776159669971628,-47.612008587336234,-40.86727402180862,-8.866821847228262,-5.7924384326259775,-7.990169061852589,-7.679435101243991,17.369796542717957,-4.137829150576142,-9.531289793226222,-0.5052702433211343,4.117809204440601,0.6390188625870826,0.3938951583562494,-8.936353141633369,1.5106841945224894,1.3092404486529914,1.1137434200880854,2.0795883893787948,-2.239799874910707,0.8878983950733456,1.1613216112643658,-2.64719722639352,866.2394040984207,0.1586651315148723,4.731247639283538,0.0004996962961740792,-8.347574871327522e-07,200.72024536132812,0.015093451365828514,0.49162450432777405,0.3208668529987335,0.18750876188278198,8767.554963965218,9813.282926659782,0.5281399571120038
-392.04822125408145,113.52249567510304,-29.063827778089873,9.922515666256093,54.08337712848562,-5.088995168977739,-19.999786044378098,-28.165389691059957,-25.575973110508688,-4.106542219939862,-56.638500977830915,-20.161212699946937,-18.58770734637701,-16.95494267425737,-3.9111677712858617,-6.449983832704515,16.50368016105845,-2.4150572789857856,-4.486070123059927,1.6959343618384084,-0.3503143379826346,-1.2673916237373861,0.0013702469137058526,-8.45583532588619,4.5991537368452216,1.897326452755042,4.558854752476896,2.75009519531987,-2.451867286894077,0.7938677893180902,0.5584629712843074,-3.340168468568811,850.6874154965166,0.19516095412658677,5.9809532621875405,0.0007030600099824369,-8.129297821448809e-07,207.1322784423828,0.018895717337727547,0.512965977191925,0.2808739244937897,0.20616012811660767,8303.56425871352,13404.24433503648,0.6174849145710526
-360.98619194418256,113.68416761334888,-40.50285409508325,16.42327450992924,54.302358178773595,-20.348639909727623,-5.108974401284128,-27.2696268059843,-54.40747822266825,10.198974537665586,-43.89094617552297,-9.211073183363359,-28.413179938999914,-4.904572820645195,0.13952527481462135,-9.07216922992796,20.152786175258957,-3.2735123565848654,-1.9813608420308115,1.5111457403572608,-5.363448082528827,-5.519912081376463,1.3448985814710075,-5.96769647230174,4.794002340371482,3.1252119211638045,4.774837894937086,2.371554894603691,-1.8758762252505572,-0.3539898148428381,3.254328136818405,-2.6054974655997913,989.988742920438,0.20692803202618934,9.029233830049634,0.0008346392423845828,-7.810074677384375e-07,203.49085998535156,0.02439992129802704,0.4227299392223358,0.40541642904281616,0.17185373604297638,6418.203563318543,20291.815967931456,0.7597080168432891
-286.0699289778782,128.49382229074388,-37.50936703350155,-4.474782162847136,18.2112174343397,-56.37694526768419,7.404952483465346,-51.27190555557807,-51.11267395102382,11.62467968251012,-22.316652552849988,-6.591268293874558,-23.261476499525596,0.3146408509162808,0.12764505775637913,-22.774749584825155,22.798811233087097,-2.870783025073508,-2.6298841432841153,0.6923992419696869,-6.4280738245384725,-8.544347717928241,2.2263152289829957,-3.5967712363204334,3.322219981672222,1.405199903107123,4.439371508952347,3.1788448584016757,-0.018056444333887894,-1.1386338669893932,3.571861127011016,-2.490332434019943,1127.128851611815,0.19607524361039397,10.185539225116372,0.0023509946186095476,-7.266988989686079e-07,194.6978759765625,0.012824549339711666,0.29635289311408997,0.4139023721218109,0.2897447943687439,14045.759182579222,14776.680270545778,0.5126797228450298
-283.5087788522844,121.99425951659563,-18.03147156136386,-23.633293821758606,9.029682258597376,-41.63536773785846,16.525785219513608,-54.94711733269111,-39.13579220276531,24.28910599144838,-22.01058151061082,-10.571294193440743,-22.160920991860216,-17.558748565903322,0.28137048299715295,-28.48510639299571,16.27973725061721,0.018234101025686067,-1.4205406929313105,-1.0397756167934336,-5.3126159805338515,-4.275104026841104,1.6991716676465243,-3.0897448303314703,2.662142933529214,1.079788722907946,4.251076748658623,2.4949167193703974,0.5701125833997591,-1.9460617205183413,2.833768647975197,-3.067333876038391,1242.9659987566993,0.19290058062690127,9.975358576513827,0.004076637793332338,-7.68422711239672e-07,192.9912567138672,0.01240292377769947,0.3002946674823761,0.42357704043388367,0.276128351688385,13819.289467178322,11367.726157821678,0.45133279492384
-281.9865023350778,138.72626502329805,-30.346179875023193,-13.219029484143796,4.378198332868079,-29.784964576718288,3.002032209295081,-47.38978582913029,-18.589517637471893,5.035320500853388,-3.437983281858902,-6.831181199962474,-27.662570872365425,-12.288016816925852,4.926829064874722,-27.608046787587952,4.486517555402888,2.0362827673073505,1.6109518752934746,-1.5730411524459402,-2.2620280061160036,0.051358093841536806,1.571946658943805,-1.3031076740396117,2.8944692535242735,0.1844200189751374,3.3652975046351776,1.375671510513656,0.7083844081045885,-1.930382634718681,2.4783762288402658,-1.810949754007246,1043.1856167688845,0.21720608147061254,13.138690423220396,0.0023132795467972755,-7.660305020928595e-07,192.62171936035156,0.022555658593773842,0.2484370619058609,0.4247640073299408,0.3267989754676819,8814.815166717768,14243.856708282232,0.6177223382811258
-247.92687400403543,108.81208909031868,-49.86582702200077,-15.897208505181865,13.841465234077258,-40.60327535372568,-3.131593283350477,-49.31312911509325,-26.460503105327312,14.014882502600617,-21.778905578537206,-8.82388551178148,-14.069295649827751,-19.507708032875065,16.76014195200041,-28.137119909427618,-5.807933186150818,2.808792427952186,3.2877985443178277,-0.7944731085570479,-0.14952519162581873,2.038624123427982,2.3705044076568687,0.7989050884967621,3.6666528578084137,-2.099173532410771,2.0025323004576934,1.879487307130015,1.3133906711616947,-2.4878531335736738,1.3061299797013457,0.19941446341350752,1355.5168020577487,0.17457648006683976,12.256831830367446,0.003837375435978174,-6.745734394764725e-07,191.89390563964844,0.08636493235826492,0.31066063046455383,0.3780566155910492,0.31128254532814026,7783.008069813308,12093.382555186692,0.6084295073158783
-250.00364000325473,114.52935071811676,-45.81463188428782,-7.2292882956612114,24.38105969237739,-40.454515462608526,-3.338774757555088,-48.57958662124301,-26.282298419700673,11.333000434841265,-21.90884036962869,-13.358420359323835,-10.273156351968819,-16.886519663286208,15.168451005069652,-27.524017327591963,-14.685750381644045,3.781786992351148,3.964675564128859,0.2904440929443643,0.44951718842359856,2.487726518436769,4.007167869360881,3.921151529129235,2.1877658186509903,-3.7674645924477645,-0.09968421701105312,2.6795516741684087,1.569470315038903,-1.0116466684821026,0.15400819419165185,1.1589676082218794,1393.8655410882347,0.1864145261065577,5.851128295995295,0.006601005792617798,-6.966647383262557e-07,184.35009765625,0.00930001586675644,0.3839893937110901,0.3838295638561249,0.23218129575252533,9415.473253726705,4475.053113460795,0.3221658413198698
-328.38402874369643,130.90733421846716,-23.142425546260988,1.5227038269832367,34.96033557305189,-17.1943356137946,-3.617874716230372,-40.16828750718298,-15.910046329803814,5.434175632477173,-25.668790429849224,-8.679233095988954,-12.622714893414148,-24.582449475553993,10.696542235136235,-27.14311848021372,-19.498906035296468,4.805725853378368,5.582263504594118,1.8972458073232616,-1.6590863926313546,0.025997446942661928,5.613726498949021,4.664560372147976,1.3689604461676403,-4.374393473455879,-0.5693328404988747,2.407576073228919,1.6908022003184844,1.1900401035804062,-0.4401986100161221,0.9457083926837101,1048.6626231729133,0.18639756241864502,4.073289145715535,0.0023234824184328318,-7.997312138189421e-07,179.19944763183594,0.0046116383746266365,0.4076574444770813,0.36784282326698303,0.22449979186058044,7472.805719322027,2454.9208431779734,0.24727925650681654
-376.13070102277675,141.4271406237574,-5.808649769752096,-3.0544418709606527,30.371607118148038,-14.903589981875488,12.747297322214898,-40.792665797322115,-26.616018267314004,4.947752739624877,-20.087480292187617,3.021703754536924,-28.32185641828402,-22.064454580011798,13.706617100169447,-17.7733809546075,-22.598472482624288,5.444245649910414,8.919117124873658,1.0289024789382029,-4.206199675820539,-1.1744699740337778,6.0558405547579435,5.853503559765407,0.6697854337883338,-2.823076771891872,-1.0608944544362844,1.334515724022719,0.98375641614081,1.3361751545933631,-0.6836450691015695,-0.365114507891244,825.9568575809075,0.19000331915789917,4.198534203693271,0.0009801159612834454,-8.233522054813667e-07,181.16812133789062,0.010472921654582024,0.37264683842658997,0.39315760135650635,0.2341952621936798,6773.431452402547,2230.0958913474533,0.24769135542144205
-366.11770134002063,147.7087565082311,-8.538823883363222,-10.634511458832915,24.97314604442547,-30.42742286322381,38.09886479409126,-30.237445011950726,-27.46985485924798,-8.427888045343398,-9.078022132592697,12.457286628392698,-14.033491611827868,-20.776572084638808,1.7792545774067257,-10.523980072778585,-23.50933982760032,6.655038278301337,10.800153395032536,0.787972050371863,-7.067447087361384,-1.5328866521354376,5.266020846591096,6.757003135652682,0.9415041432417949,-2.582199671448845,0.29714961933933515,0.4603324153050731,-0.12564230375692798,2.026057322305812,-1.1277599958727198,-1.2243154801150076,935.6788425303723,0.21460384480971514,3.50091122277081,0.0009845143649727106,-8.075870962646934e-07,181.77755737304688,0.008436663076281548,0.37598446011543274,0.4042843282222748,0.21973131597042084,6312.356051572806,2057.988674989694,0.24586665689632364
-377.2131048079719,159.0605053500177,-4.1083347516396564,-19.304479430508792,-5.28004455606104,-40.75992837951283,46.58159864470537,-16.571657277076497,-25.670003557856795,-18.160583078467386,-24.214115623537012,11.367965621078653,-5.8469962251104155,-6.2897872950509335,-1.5596391886073433,-24.02691347545352,-18.663424659133867,5.363586169589129,10.137923418224092,-0.25282944079716857,-8.460942156402067,-2.7985242059458217,3.4046663610268197,6.823766125394589,0.9748596441448594,-1.6878980474693996,0.05443490897730757,-0.4969527231412548,0.02879700202881083,2.1982526824066784,-1.1039481814121244,-2.3186049731367446,882.7415821658482,0.17013782082245096,2.9667970640584826,0.0008194749243557453,-8.163257917776028e-07,181.3729248046875,0.002364052226766944,0.40278735756874084,0.40835681557655334,0.18885573744773865,6475.882911869792,1295.2806623489578,0.16667782758377658
-413.9452386041877,152.65668588686503,15.359100067057518,5.714420618514445,-15.67640872579287,-44.48984079705682,43.41026081852782,-19.576880422063326,-12.702915231098366,-11.112171228123097,-21.77425660416788,-2.8426303093400924,-8.666295974945353,-2.2779033985401522,6.399144686388771,-28.229559498411525,-12.460126678540275,3.8039641717295694,9.146379518816694,-0.8966378204984222,-8.4058607544141,-3.0969084201554673,1.3384392814382604,5.895894866159397,0.34789687098414246,-1.2412537460045998,-0.3752548051170445,-2.5186427919420815,0.06786352731925857,1.8301254498951323,-0.6767540707387669,-2.6377990841408265,842.8070778100241,0.17860666175670442,2.6519582392647862,0.00044301908928900957,-8.365778644603633e-07,181.0745391845703,0.0013343770988285542,0.4446302056312561,0.39971721172332764,0.15565261244773865,5501.758084547088,1928.8444545154116,0.25958116375832546
-423.4116655728882,161.04056928615302,30.01783269923938,-4.917314753965163,-19.249041828161566,-41.02611183391714,23.543878375544836,-0.37609424831297317,-16.277122334879497,-0.25323310337242166,-22.34994127654013,-8.946709662749395,-18.81886027024085,-11.417578505623034,13.03626798883079,-38.91877124214669,-10.451198735143231,1.7639178565299045,7.8785704269660854,0.5592656841968828,-5.85274438318872,0.21541242942477903,-1.438001030106185,4.75802073992204,1.6085776570393058,-0.8327113652807141,-1.2671933367520127,-4.606108798615308,-0.37178914210070924,1.6680197232826885,-0.38668632517987306,-2.9943051636179514,748.3515262344251,0.23277769389843062,2.6596626713871956,0.00037276512011885643,-8.508851195033097e-07,180.29751586914062,0.009004614315927029,0.42396292090415955,0.4273584187030792,0.1486787348985672,2682.437389131186,3964.841907743814,0.596460857242414
-427.45974636427076,158.4712323230475,35.58628390465445,-3.844956911754527,-25.216379867964598,-43.056040666235326,23.724086467689283,-0.4616570326217981,-21.681892247033304,-1.9781800306485757,-17.906443688266926,-10.23254916459608,-17.141576775005447,-8.314493926282413,7.408142122656695,-35.84918303592627,-11.7234739195984,-0.9187931181031068,5.604739248776751,1.5308116389841646,-2.794754256584835,3.8220442022621977,-2.701528763333909,4.5144981269588955,2.128319178805672,-0.3918803949356385,-0.9224875426208966,-4.665862667506978,-1.409083611857133,1.3805162276001186,-0.7945944937334848,-2.518252965725467,716.2472006955189,0.19295324311476447,3.059842247515917,0.0002510152116883546,-8.660870827699561e-07,177.57850646972656,0.019771339371800423,0.48688173294067383,0.36814337968826294,0.14497508108615875,2130.0742945674347,3323.7113499638153,0.6094319737880872
-420.05085508373446,163.26652300766213,38.31996507878604,-10.151780931400001,-22.427822907181834,-46.459234352986215,20.498610237133356,1.1235054817784955,-16.19170219286033,-5.154639812661837,-22.60878768108575,-9.83853821191095,-12.545351893585398,-6.061801297858772,0.2557303966712632,-40.774453507680875,-9.043759511874272,-3.138787793766218,1.6329709098523726,0.789620945056632,0.5908691785582363,5.951206670871562,-2.0305950846776675,3.7660922853864656,2.5767912495515555,-0.7032392195010868,1.2552160585584557,-3.312738767874293,-2.100995132077772,1.333278165998827,-1.0783734189249106,-0.8464847346760253,716.9439996528279,0.18651772088865326,2.7284462116658688,0.00041248122579418123,-8.727264912140633e-07,171.4707489013672,0.028036244213581085,0.4784560203552246,0.4152354300022125,0.1063087061047554,1518.0664739514561,2527.783867845419,0.6247843232685566
-440.1251506727281,165.7110061150401,50.36271034285717,-13.595427627838685,-22.940990949942012,-33.600373872686724,23.59204904964582,-2.103777720972861,-23.7520319327336,-13.309527644497937,-25.458464773843396,-20.39010678283286,-18.64013178427784,-14.081648965276958,4.1699756346938495,-33.073734404273935,-7.860115273018884,-4.536473970504368,-2.52992940966434,-0.4234474313235409,2.5353772700296346,6.288657780311073,-1.5547529544685204,2.9746863050458447,2.655325940694305,-1.61498642245134,2.517455034109462,-1.1307510116527684,-1.387693291393016,2.0660452660600432,-0.985470235360022,1.0125226874899702,673.0360966368153,0.15864230601136262,1.9027775740250945,0.0003036877606064081,-8.795630601664541e-07,163.1237335205078,0.005397637374699116,0.5307591557502747,0.346733957529068,0.12250684946775436,1393.8376101945848,1052.4167843366652,0.43021559274023446
-452.5955929724925,150.82757582873137,41.92281009046178,5.368725651759763,-10.525073922803795,-6.8014873293752975,20.02043147045186,-4.1489923935127955,-7.770127035124709,-12.668157472491336,-28.57966556273065,-28.98365153596471,-24.975715386204662,-0.6701964369533778,4.953347277799725,-35.496966759762884,-11.433631179617608,-5.981429807862678,-6.107735174216394,-0.7376222047512262,2.0429532857016284,6.7738781257656955,-0.2672787055335836,1.4253197266277278,3.3124108460968946,-1.5814941023456202,3.901400679454757,0.0976954229056207,-0.03405439769163772,3.250828952080489,-1.712084134653582,1.2274741674263172,682.3145773935721,0.1819390124635995,0.4868395561352372,0.0006252590683288872,-8.553258754532155e-07,158.98867797851562,0.006287184543907642,0.5648366808891296,0.2807372212409973,0.15442611277103424,513.7507533128526,582.4197789137099,0.5313222366329149
-473.1831905986243,133.01790833318444,21.431567983925454,4.786299981763404,-8.587409397460334,-2.6520434493117975,28.16723164381665,19.051576946691824,-3.46677125389915,-16.101383288350238,-17.73435713153675,-18.270245142392668,-17.404665608361793,0.2794066672171398,-10.714683754513503,-36.80922657611381,-19.65727812503678,-8.313711715471515,-7.875737333592265,-1.7965609586391311,1.5611360676316026,6.389969607665141,-0.02060137836419823,2.2037914219134063,2.9856126298578975,-1.1403739431436708,3.709575552280216,0.14312527479716133,-0.24014507331185841,3.0318698941708067,-0.3957051996275079,2.5967221010584,916.1066893912904,0.23077458003898102,0.27760863211005926,0.0017405712278559804,-8.047780176040031e-07,159.82713317871094,0.010862681083381176,0.5274278521537781,0.223867267370224,0.24870507419109344,146.04729748105763,214.60876941347362,0.5950510447845396
-450.68271871334196,130.00432488949758,6.185282653333097,-9.46947730093746,-6.664587556121436,-2.3464052779062485,29.3496770626311,13.245363221841789,2.318794474064796,-15.92696323779153,-3.412931935144149,-14.194544431079434,-27.355079670914655,7.8595003710273055,-0.04886716429804294,-32.694198586422175,-29.73815882260385,-12.09732585898366,-6.317432261735246,-0.8425381827060682,1.5373886273522404,5.436819272369277,-0.8838882508139695,1.6309352911062043,2.3466113425718684,-0.27464800518069155,2.963478555226059,0.5880232851161836,0.5613025107468568,1.855941252398256,-0.22649569940928888,4.101595972538671,1128.6624872358516,0.1906009823906458,0.1166377142071724,0.004636735655367374,-7.630772290269589e-07,159.85427856445312,0.02031208947300911,0.5039335489273071,0.19262933731079102,0.30343714356422424,56.81153667317424,126.74980365885702,0.6905038034130072
-480.3957712547643,123.72315841645533,1.461218163967711,-5.418924033658355,1.6257371392749023,-9.286189373763417,13.632589589792008,6.388828530174268,1.967081986606992,-14.641688920270651,3.191488093473188,-7.062893087972346,-19.840395505502244,8.610114922896603,9.31795123913806,-18.549498594741095,-34.35326446336261,-13.491393552850214,-4.66563406139643,-0.8925353423142678,1.3973726507444515,3.5762584082299336,-2.13545340598196,0.33383810776072975,1.6726084248693116,1.3229565348598784,2.9362412280457786,1.6013804251525916,1.3157815119374279,0.41266937644207824,-0.535819708488614,4.785028524418999,1288.3172128468384,0.19569005451327662,0.02540645468980074,0.009526869282126427,-7.098582800266316e-07,141.66769409179688,0.050859980285167694,0.3412794768810272,0.2070198506116867,0.45170077681541443,10.23054796068276,43.039792005137556,0.8079503910197128
-531.6336728030043,122.1845511027032,-12.704268806032044,-19.737756201437477,-20.2063433617174,5.4611744398306055,21.533991389672458,4.516069942058067,1.3457461781725113,-8.393887347812242,8.818665295428666,-8.210482677158693,-10.209564843057201,14.10048439613346,-10.20388724054747,-36.587676479310204,-38.433678770813316,-14.633558073784263,-0.7597974096691801,0.735867806749027,2.148021972366756,2.1642847015076554,-2.670478811788294,-0.7829424344040945,0.1713768473981927,1.6505221059589994,1.8760834323755045,1.8631038229163768,2.1353084883420754,-1.184846275873627,-0.34640061158336544,5.291836207730836,1401.3331303089824,0.2112267985052481,0.004470965825021267,0.014421151950955391,-6.668262571425239e-07,997.5416259765625,0.00047778867883607745,0.8777391910552979,0.12226086109876633,0.0,0.5688078464565968,10.154533141702583,0.946956098189484
-618.9747132241396,90.77677210379488,-10.896472736889033,-23.982590897729242,-16.713934148867942,0.5823340918002322,25.28594825970408,21.4558989214574,-5.4325764144071576,-15.173571447229424,-6.450059977004443,-19.667595317354436,-21.30062023078977,8.563534069703548,7.993843164460465,-8.001244239429887,-39.5886628808007,-15.716193206435458,1.9309725646552287,2.6180458846914734,2.767481122695869,1.9433782645709932,-3.2955954833871983,-2.0087089774111684,-0.11407335923273638,2.1500807210907085,0.48660780284071753,1.4233871578353137,2.410930688475213,-1.6982041061267061,0.14266882300848777,5.223462509621928,1390.2379918483348,0.2000881811697513,0.00042028818279504776,0.010867539793252945,-7.019089618171165e-07,284.6689758300781,0.3378951847553253,0.14008782804012299,0.7036475539207458,0.15626464784145355,0.21613157717336307,1.5642003920878063,0.8786004066067201
-690.6638804299427,54.65251047353756,21.808995365803394,0.10506571088096206,-1.7499380124307886,4.9832293556976595,8.846742621275983,6.750933302892812,-0.6485236098022844,-10.37838569268304,-16.34353968565624,-14.748494977285109,-8.90459069478722,-4.67458726858361,-3.4391472310323215,-2.074458678803386,-37.727875642128694,-15.811363243748367,3.6678809156735794,4.633890971309607,3.4829758073714276,2.105553942591115,-2.753885321785182,-1.2733158573380288,-0.10664541763865887,2.2380430550628065,-0.3892287193183295,1.44549554354147,2.95986606454007,-2.052919803263219,-0.5430630685047155,4.401908277694766,1360.8407701241958,0.1931772352703012,0.00010072533041238785,0.01826750673353672,-6.714608644605235e-07,63.581912994384766,0.28809410333633423,0.14698044955730438,0.19398240745067596,0.6590370535850525,0.09502705055529774,0.14553205054943857,0.6049742033500358
-683.7394021949063,58.546913400075695,16.349968690653057,-6.084197642022264,-1.1130517944522031,7.635881036967319,3.3350777070942836,-4.290988044302979,-2.7779434744586737,2.470316650488784,0.7080113541281052,-7.843108175552993,-13.295154019529885,-10.590624902442856,-4.388457551435954,0.20419070617146062,-29.778647625925146,-14.301602658545052,4.115366770185585,5.169354509185213,3.8594874856710275,1.9174268433432502,-1.921875063059417,-0.8952163847174146,0.22085774651463058,2.0318152723591134,-0.3596436269388833,1.5379220851482636,2.409810465078155,-1.8027681483990692,-0.6036313641852135,3.1834737054276205,1496.2234145503317,0.22598783240329026,7.998105138540268e-05,0.03952919691801071,-6.512530955493896e-07,20.064380645751953,0.02600874751806259,0.018762560561299324,0.25047487020492554,0.7307625412940979,0.09279812242066651,0.06261602674448699,0.40289785119852245
-716.5482994868365,33.08995470794417,29.614614784357414,24.41326118094293,18.217080510631824,11.814891645337315,5.925492299368782,1.0942421953256012,-2.3825215165450975,-4.480418978050174,-5.394499548471274,-5.429296086900463,-4.888410059439307,-4.011677864709053,-2.961164496222379,-1.8264201481515068,-19.58598029155481,-11.3554426164902,3.984320322315292,5.541753467221101,4.436881291935636,0.6934586503622482,-2.337100191239399,-1.2363569067197306,0.2823726496821507,1.475284051368295,0.05140767170819975,1.9778270123006303,2.1328439061811104,-1.1654253738034446,0.3568323168405957,2.84105891886451,1492.0243685327782,0.23522156907451489,3.9122067391872406e-05,0.018664445728063583,-6.380181327522236e-07,20.054901123046875,0.027358826249837875,0.008772321045398712,0.19165430963039398,0.7995734214782715,0.08669842237011145,0.028132056655729307,0.24498771488533666
-726.1845808537081,19.431920538298918,16.751466049184103,14.016865716827546,11.018849522454651,7.5361088924882855,4.622006098903407,2.8154755024413842,1.219195528093758,-0.4949588659576566,-1.4167747639868744,-1.4687634141752675,-1.6895717698937927,-1.996133419032173,-1.2284090175347142,0.38672813892911795,-9.67583568424756,-6.922472709633568,2.365471582178658,4.416046519981277,3.1189503838666095,0.5546215252349678,-1.7784307103643695,-1.5490073443675525,0.31460853634961006,1.0728214497714745,0.7571205623058587,1.8757140998283983,1.910757806411785,-0.3761786377998509,-0.5449042256600932,0.42052412911847775,1890.6893215214952,0.2717553357287306,3.63420695066452e-05,0.05601121485233307,-5.717765487373315e-07,64.66751861572266,0.14646568894386292,0.308942049741745,0.31214165687561035,0.37891635298728943,0.03845309555838121,0.06425287484815108,0.6256001924116427
-723.6107605614567,23.65706751519871,21.76475832244422,18.911937950725246,15.423282742286604,11.679934822226564,8.09130203732412,4.973275747377353,2.4805036657415225,0.6659288381052286,-0.478100992657209,-1.054423613884672,-1.2321504491438764,-1.1349895480165317,-0.8108291925526361,-0.2997313732330599,-3.7597942424256736,-3.3493700300648643,0.4202925015146052,2.361480320483003,1.539503185465179,-0.09216871885482752,-0.751867561998754,-0.6005555102710006,-0.3951056951932596,-0.15285231495773297,0.3024799901922531,0.7063352752437781,0.6684667033543239,0.2874565147009924,-0.03534452065595911,-0.24662151846559754,1763.9177057984248,0.2693923596251179,5.8241188526153564e-05,0.03391575068235397,-6.446602674391243e-07,33.41183853149414,0.08063981682062149,0.0,0.29091593623161316,0.7090840339660645,0.04664969821480699,0.08158819000216536,0.6362253085774623
-723.0166312457944,24.15779595305433,21.564575122719198,18.05734581520388,13.93768337991034,9.626340016834416,5.948764319039158,3.352062891823401,1.536493574084936,0.2268800563838333,-0.48449423535068115,-0.7903217823896642,-1.2358687140498934,-1.8906954515777148,-2.2896823523411634,-2.2693476647271265,-2.6673001839431296,-2.462213970075098,0.010310937545901634,1.1898305186306002,0.5126616233798232,-0.4919960400015445,-0.5316751237762133,-0.1606797561152709,-0.3570457748621457,-0.8307177302769426,-0.7260331731694807,-0.029336186801046726,0.42957601644155463,0.2662182619310057,-0.08228804700849418,-0.27588430883329934,1607.593562650679,0.26760665964871483,3.791600465774536e-05,0.01747244969010353,-6.189623449867225e-07,262.2196350097656,0.0020748141687363386,0.6695278882980347,0.2006293535232544,0.129842609167099,0.03329150036353431,0.08757729425650276,0.724564967589944
-720.3072039296278,27.09361366301927,22.63649431603798,17.429891312544573,11.738577164148003,5.756640054343993,1.0363646706038268,-1.339193745440746,-2.2092649563743123,-2.595803591280296,-2.285916752159433,-1.1416545159174805,-0.0030855731261595354,0.5413541989065327,0.7570704969475344,0.7962868616557963,-0.5911967846288398,-0.8970451331580029,-1.0039007879903827,-1.0634818881218562,-1.0988265595121165,-1.1311414135133568,-1.0900203752821152,-0.9542982011874124,-0.82122695295915,-0.7446743364006657,-0.667476880134994,-0.5743423967533989,-0.5355030247624067,-0.5550840805061986,-0.5495757534491464,-0.49541350219972735,1746.1787509371788,0.2732675727995112,3.274809569120407e-05,0.03366684168577194,-5.946929443750149e-07,45.02825164794922,0.13729344308376312,0.0,0.2320662885904312,0.7679336667060852,0.03743756838732477,0.06222621820277457,0.624361368675472
-720.47552606899,27.16163458887717,23.320137682560116,18.569046779683525,13.127017081602128,7.360108662184137,2.618975326781391,-0.5028998138818415,-2.9158671790774475,-5.0830549336957445,-6.269315586753294,-6.3571254807898,-6.2590895311726555,-6.060238402517526,-4.913854941890654,-2.991344466277428,0.7409552471461028,0.05037671736288013,-0.2819466063407998,0.10334840150353308,-0.5065597740975073,-0.8314628683358869,-0.7193482842200185,-0.3320866616998464,-0.6783456974136908,-0.7618302594969981,0.18915870835778367,-0.15051971397093636,-0.4407403176409961,0.008203030502699993,-0.45369670153789854,-0.6513791703490268,1567.2863487974914,0.26619331274993174,6.130337715148926e-05,0.026032716035842896,-6.323278244120644e-07,259.554931640625,0.0012573840795084834,0.6766464710235596,0.17063100636005402,0.15272261202335358,0.03310363162307581,0.08005123417825857,0.7074484478537959
-718.4212363413478,29.767620799737095,25.171539110368123,19.51890211145175,13.17210132138413,6.314095868372764,0.21868023587788477,-4.015894400950378,-6.637619050820284,-8.128909152880949,-8.360706157426364,-7.581384063138727,-6.710726517857836,-6.06340494668413,-5.169066160914028,-4.0244646304402725,0.6647095198762587,0.1446400332805242,-0.22758133341358816,-0.07336411237931617,-0.5862626191778209,-0.7559966580642233,-0.5039035317721635,-0.03536400784049291,-0.1779671515984166,-0.22459428352387104,0.3914658188434759,-0.04345277310945674,-0.44644650117185,-0.21007457678489838,-0.5217820820986832,-0.5192327282615512,1507.9558846826937,0.25965231038922937,4.306994378566742e-05,0.016413003206253052,-6.408442235503272e-07,258.7348327636719,0.0009840776911005378,0.6618964076042175,0.10910477489233017,0.22899889945983887,0.031947256449251074,0.07603590804001818,0.7041459508956527
-726.0246188634861,19.38146071786027,16.334669694247104,13.528450567672298,10.227699563141826,5.950361076790284,2.4053096258103412,0.3687230925410825,-1.7023334375699055,-4.144600531326844,-5.079606935439019,-4.203096236574527,-3.5072837674576665,-3.445589106984553,-2.5161039682417012,-0.8705088207303954,0.43108936344842247,0.1475736302167873,0.03228882336330691,0.245154635692604,0.015276851841276473,0.038374128583103184,0.28451725788463966,0.556732344376273,0.36109728964853127,0.22366517589913112,0.4961349037994032,0.04220624213132989,-0.3335307849298304,-0.1955698844189401,-0.39650213919090227,-0.3961158361288635,1955.2479989441056,0.27096744886486,2.283696085214615e-05,0.056052252650260925,-5.533409780345669e-07,32.71587371826172,0.2769739329814911,0.057055648416280746,0.19824977219104767,0.7446945905685425,0.035048395784091996,0.05120972505073543,0.5936800449060917
-728.7662611531912,15.865886274678214,12.726419196782238,8.395936899498361,3.656301872462988,-0.7134413800000614,-3.9935328262555787,-5.926840764470176,-6.837627540113095,-7.188400032020281,-7.272020701671842,-7.338501272174938,-7.56257819406483,-7.7442538692689915,-7.403867953361265,-6.271829132411597,0.25517717235430915,0.12933660262359012,0.02673395358774209,0.029724738236823478,-0.13400758536004492,-0.028821938744909657,0.2629132555222512,0.5414347183421623,0.5410994202273727,0.507283498017163,0.5556015155730931,0.13511392564892027,-0.22669553882824456,-0.22509438273458054,-0.3010159147630659,-0.21222215766305913,2079.660455907773,0.2817918345976928,4.8026442527770996e-05,0.05365145578980446,-5.555036907802203e-07,22.089582443237305,0.09978506714105606,0.0,0.28045853972435,0.7195414900779724,0.03223191895713287,0.05377840301762146,0.6252552226627689
-710.1711247909399,27.75062306255007,21.282212813972105,25.196287451839705,13.742299432434983,6.057823535634827,4.8715564385838,8.170108024347904,0.7591105007182762,-2.462649421562988,10.33229934450176,4.302818733876132,-0.740237962931211,5.512496893548757,-1.4943354975810599,-4.399117645896727,0.07516512167691444,0.09958534353478452,0.0548449287678871,-0.006111238306652028,0.031992672003363115,0.19899524788383946,0.3624630021057573,0.42768806978623014,0.44525965864147743,0.44809065091951067,0.37875897153226784,0.24674696046877373,0.16110483679380713,0.1577831194224631,0.18183747503726283,0.24502395224655577,2472.2743256167937,0.26462903814951744,3.11853364109993e-05,0.13937731087207794,-4.6027470763825945e-07,64.27694702148438,0.16518859565258026,0.21608202159404755,0.3475004732608795,0.43641743063926697,0.04178151093964104,0.05121502674575325,0.5507197151684594
-717.657445794048,30.690954844209525,25.264214609506844,18.23439629708455,11.541848440683395,6.6038499256834005,3.9090201447556536,2.9051995632855663,2.404831553282775,1.3758463134850478,-0.5230840829667663,-2.96615453065096,-5.208776160520047,-6.349360748430342,-5.753039083360797,-3.4870457256321874,0.3666711987831385,0.7434124462385677,0.7089062140035651,0.400940951675112,0.3789485691860305,0.3875285089925543,0.2803784132323801,0.033297876903143266,-0.0023018560679692462,-0.00983193566939584,-0.2510678748983264,-0.17091096221604343,-0.029499435822867216,0.004287503941801468,0.2597233352116988,0.4428458917186755,1534.3840056006836,0.26179970117653806,2.941582351922989e-05,0.023843808099627495,-6.030252680586342e-07,20.663938522338867,0.25803259015083313,0.023945169523358345,0.44333094358444214,0.5327239632606506,0.02915179536793124,0.05387769832160581,0.6488983122438962
-721.1035538318172,26.854333914841718,24.20835966575763,20.598407579098215,16.3856913869418,11.97457141744427,7.988794291327043,4.660985747687834,1.7048938189954281,-0.9422097699847549,-2.937574009820296,-4.179545944443522,-4.881025412520906,-5.022362924746087,-4.5056915290164365,-3.7328580508916094,0.5280624102810546,1.155794999946775,1.0846383787783747,0.5403934013441337,0.45441898510871737,0.3163841494506395,0.009289232398762698,-0.47285783487769945,-0.46130966673682294,-0.3520122195791282,-0.7114136589479221,-0.42419374980805274,-0.04665724997985801,-0.015520374511412752,0.37002631144967646,0.588245287311487,1700.382104245849,0.2826579074562003,2.599228173494339e-05,0.034436244517564774,-5.809319164706662e-07,29.451793670654297,0.07075358927249908,0.0,0.5293065905570984,0.4706934690475464,0.023719947424725482,0.06464176288525682,0.7315585298030858
-720.3537943139793,26.710180599491046,21.088113602955364,14.079035472677656,7.220934127769652,1.6917212633587932,-1.509032377603896,-2.5014803565552493,-2.694930688141959,-3.265050504430059,-4.2224878084777835,-5.182223792299935,-5.879803374339149,-5.710011749700977,-4.027746440595891,-1.2174675609419139,0.08673671600650881,0.7691464519553766,0.7757943684455415,0.1626371483333266,0.23641093570825286,0.13062312305761106,-0.22046187486059685,-0.7163939531861286,-0.5203386522688006,-0.32026956544538254,-0.7930844556422635,-0.2618432356245905,0.24320417697879182,0.09378897019941766,0.4893951870674167,0.6325340964211599,1728.8679818955038,0.2707926285474598,3.3750198781490326e-05,0.04098435118794441,-6.04289667562095e-07,20.06216812133789,0.045363813638687134,0.0,0.1678817719221115,0.8321181535720825,0.05237629363074318,0.0373093550489901,0.4160013959671687
-723.136367119983,23.505791151209923,20.134086905701576,16.56268482905481,13.019900002908344,8.970390337454347,4.584324242967925,0.4224692901029511,-3.2082169730956664,-5.751846123288631,-6.449845392966343,-5.560153108333786,-4.367289022759141,-3.51887288024684,-2.460196043683064,-0.6862542213171066,-0.8984908618396686,-0.3146748500946351,-0.09926166600404202,-0.6815527029358285,-0.3261387735772722,-0.23261388261832935,-0.5373275086144201,-1.1015898542798888,-0.8343880815198559,-0.6722503434132794,-1.4630871476043432,-0.9248823714128863,-0.39650847508896025,-0.6575950239524784,-0.12261306399436894,0.09683939803734959,2790.8932512501756,0.3164622665851357,4.0745362639427185e-05,0.1011127457022667,-3.965839135255149e-07,20.053775787353516,0.022987326607108116,0.0,0.060321059077978134,0.9396789073944092,0.054674785810370025,0.04461954883966965,0.449366512167387
-716.5604833266148,32.62748479282404,28.0431854957978,21.56526137213727,14.31901541306966,7.180233265631241,0.7685357839837448,-4.392135530367077,-7.850528495750359,-9.412738670640216,-9.30634354577228,-8.084803412917521,-6.314404661190156,-4.32753566282069,-2.250368824681367,-0.2137128887062293,-0.05166342541723204,-0.04329763586335976,0.019379270375847878,0.061252216678279306,0.06654218789912468,0.05301550640639939,-0.0047552153380914924,-0.12471745550056768,-0.23155795101903492,-0.262939531750582,-0.24354211134048945,-0.17837810628545153,-0.06275213933291557,0.013399999170111136,-0.041982482720451963,-0.2003828862132506,1657.2762163843436,0.318347879727767,3.5881996154785156e-05,0.03354238346219063,-6.051205288603579e-07,23.985307693481445,0.03689015284180641,0.0,0.22142808139324188,0.7785717844963074,0.04282245003107121,0.05436617172834346,0.5593882364431925
-720.1013077846983,27.264796345302216,22.734758857434183,17.11299975084929,10.488377477309337,4.54761609899779,0.47122588251011444,-2.6496840091190497,-4.603698424631144,-4.9517072907072155,-4.9091463864707094,-4.520772641621175,-3.1619903334428017,-1.885085742276512,-0.7792265306467042,0.9857570527005023,-0.15336159526685209,-0.1836831053260472,-0.10380525565315409,-0.013479930618222682,0.07027638523242377,0.15135257787326475,0.2286665539435358,0.28108424016181643,0.2803934602747638,0.2187250649418449,0.12149558234309583,0.026546604788478798,-0.04987514450170831,-0.1184009727239543,-0.19258651701038262,-0.2721358766404088,2005.1944196129625,0.26652339272088593,3.4067779779434204e-05,0.07587014883756638,-5.402871996285508e-07,267.0061340332031,0.0017063688719645143,0.6372976899147034,0.21005959808826447,0.15264272689819336,0.014261720193267467,0.0733034783474201,0.8371302705761503
-720.05785107945,27.63632380854544,22.903007937737335,16.24145805022556,9.095771734246247,2.841414643365443,-1.5788533396335307,-3.8496093759393437,-4.264642907593694,-3.5289485314542435,-2.4675056608871686,-1.7439800428149654,-1.6738211086046468,-2.1760173933384124,-2.8619808732238416,-3.220791085898729,-0.10681060334505277,-0.061815581913419335,0.15262434214631504,0.4187354400815284,0.7004416264080108,0.9339505377544419,1.0511714632109794,1.0464004506363613,0.9464694638315039,0.7848834313862919,0.5980232351805599,0.39952041049264264,0.20748342474636033,0.0550666347466538,-0.07843140276870408,-0.24323621360019032,1913.0200763022003,0.27258941185764607,3.112293779850006e-05,0.04293759912252426,-5.051135703895813e-07,270.4621887207031,0.001330395694822073,0.6309491395950317,0.22505290806293488,0.14399811625480652,0.014216201914063703,0.07833979039121508,0.8464043055454022
-723.2976345248841,23.63691632431511,20.562225258689722,16.338848032206084,11.858911992094994,7.731791416753486,4.116941086670945,0.8403655864246604,-2.3114093027068208,-5.326137637143937,-7.898941563474254,-9.590789449450932,-10.089948596028464,-9.395693595012224,-7.8094020182628086,-5.756463874991555,-0.09872821793981404,-0.09849822820925211,-0.0026050322587084784,0.13400357787747835,0.31851185215603706,0.5157616968967623,0.712890511044812,0.8970232007057368,0.9533755296263985,0.8124933806563261,0.565194897706383,0.296695878029883,0.0553721354625554,-0.058330188730077316,-0.028961726563216314,0.011619693070862639,2035.1702618878337,0.28597969703697845,2.6943162083625793e-05,0.0473426952958107,-4.5542737640910903e-07,30.03057098388672,0.11518940329551697,0.09562941640615463,0.4009527266025543,0.5034178495407104,0.05129282663967765,0.043409432066415184,0.45837800132239465
-717.6935731065922,31.051730596103816,26.731889315121357,21.129059188205268,15.630527633466826,11.112014391908295,7.8047668893056255,5.342005686221979,3.077416101883676,0.6516135429624431,-1.7178559132528557,-3.5623604875978128,-4.647681668079448,-5.0438067208529365,-4.908118619177912,-4.39142570678198,-0.8759474883769348,-1.3421011864541987,-1.1681317245457872,-0.5647630819815831,-0.18856030159472179,0.050093668153515666,0.522508923701339,0.78156268259672,0.6633366920347766,0.605855147569386,0.5486219765228826,0.3015069689171025,0.14477301213792143,0.16109499455723508,0.15675353232166858,0.13404713586589218,1834.9286421180295,0.2978456618957872,3.04514542222023e-05,0.03976219519972801,-5.748346663569322e-07,20.330257415771484,0.10055459290742874,0.0,0.3515447974205017,0.6484552025794983,0.033147236101696995,0.05115334153883645,0.6067970465986567
-724.444168025701,22.02515249700849,19.489424259856868,16.551560062081457,13.018946961267805,8.883644355047995,5.2539820093507466,2.6500551312643688,0.23666039836406816,-2.2826336092702997,-3.978775582059878,-4.566132023109997,-4.852059961253021,-4.8975004972293075,-3.9067041508101674,-2.1475532149823398,-0.8428753588195506,-1.326751502660228,-1.1386851100372162,-0.4861327001251215,-0.17718531676179156,-0.04615825900358293,0.2906357956850747,0.29661018318572746,0.0030880953984508967,-0.04791067033794192,-0.0763364026328407,-0.2073098917483776,-0.1497702895952705,-0.08084724568202592,-0.09055335148875623,0.04479302872571793,2141.3018013787223,0.2943919531603431,3.897026181221008e-05,0.08089831471443176,-5.278680729595955e-07,64.6158676147461,0.054381564259529114,0.23732079565525055,0.4522884786128998,0.3103906214237213,0.03395565316208221,0.05788594767324112,0.630280255861759
-719.6094761098315,28.58827296504772,25.059757209557958,20.7800496707574,16.72988356622522,13.004104423902735,9.32675189207253,5.784254014938645,2.8814086614376935,0.9677230606584168,-0.15223666095806376,-0.9286507095305537,-1.5053457301822726,-1.6142540235642675,-1.0329176326288252,0.004375121265047716,-0.8971009685196765,-1.4000420106425344,-1.3146472039920014,-0.8736145332504653,-0.6802316715215941,-0.5829639483339014,-0.2934492952316739,-0.2395702630153958,-0.3737484293269305,-0.2883727414226028,-0.2001023357305019,-0.19936415324402115,-0.05992565809565903,0.03639863544966434,0.03621356389312708,0.1461102004378685,1589.2192707138747,0.2819211884383007,4.017166793346405e-05,0.026862340047955513,-6.327871495092324e-07,64.23722076416016,0.04152435064315796,0.17124037444591522,0.43223923444747925,0.3965204060077667,0.04329467218143161,0.05713968325632397,0.5689256729659247
-720.7501851743808,26.823696826160653,22.998029590943485,18.22046683314088,13.09045295359785,8.103248357041343,4.121736706918409,1.2977518059776674,-1.2122310604576834,-3.7294690712403478,-5.49009993009526,-5.999554663485647,-5.555001235302912,-4.205632231285287,-1.7324370896004657,1.1837889563296096,-0.36649298097415184,-0.6518401880629476,-0.6984351366260564,-0.5077026937592464,-0.4965618253366689,-0.604538082853102,-0.5536574536456572,-0.5389010918137197,-0.6236421697684064,-0.605997517478694,-0.5147721543583387,-0.387826213077633,-0.2231784733653619,-0.1615923259939437,-0.1316828809793582,-0.018279726578063937,1683.290838597168,0.2720728445024473,3.543216735124588e-05,0.03412141278386116,-6.070505383351523e-07,32.410465240478516,0.04679455980658531,0.0,0.09521869570016861,0.9047812819480896,0.05846741430969578,0.055954534480854454,0.4890192403843726
-729.150591719612,12.753758013942752,9.513582191276921,9.940741012960075,5.431989623649758,-0.10439403044096329,0.1312236746746243,-0.8986262343877396,-4.654121848142224,-4.2508019247243185,-2.778974735528778,-4.116941385990072,-3.7417611506313,-1.5761308370383844,-1.074364007801687,-0.8663405470238709,0.0928706413205329,0.05745328674169084,-0.036567722155164906,-0.07573254397917002,-0.1824541494186699,-0.33706997459305454,-0.43278066681638255,-0.5201060675320909,-0.6499243446608918,-0.7669994171363186,-0.8084695876899017,-0.7323341715394924,-0.5822525758445145,-0.44084902740413623,-0.26703418278005897,-0.06166895404476348,2471.2196707153153,0.28894904492271734,3.87849286198616e-05,0.17320416867733002,-3.811998914935576e-07,261.1209411621094,0.0011728790123015642,0.6637894511222839,0.15222159028053284,0.18398898839950562,0.05332182406202457,0.06996607722028592,0.5675015674090702
-726.7196316113119,17.54792230819207,14.896682376985225,13.692990005816155,9.687824844888805,5.405847741156313,3.1653109962396595,-0.7530238094525118,-4.765855049256056,-6.0063389631995765,-7.416416249745308,-8.304744847964967,-6.9106473106889394,-7.000128200917557,-7.4855221630131075,-4.677262043242214,0.09287064132053692,0.05745328674169164,-0.03656772215516439,-0.0757325439791694,-0.18245414941866925,-0.3370699745930537,-0.43278066681638205,-0.5201060675320904,-0.6499243446608916,-0.7669994171363181,-0.8084695876899014,-0.7323341715394919,-0.5822525758445144,-0.44084902740413584,-0.2670341827800586,-0.06166895404476323,2134.9158300322115,0.2683086581132212,4.044175148010254e-05,0.05688214302062988,-5.331051195500785e-07,0.0,0.0,0.0,0.0,0.0,0.0,0.0,0.0
-726.1428541987444,19.15178936979221,15.16445926828626,10.298565966118773,5.602004528653003,1.6447163857310994,-1.1470372673615865,-2.7897294826358645,-3.8020431978673335,-4.531472058915661,-4.9225441839945985,-5.063329683299714,-5.234406884255777,-5.3335169155577296,-5.02213137725475,-4.433917575849751,0.09287064132053692,0.05745328674169164,-0.03656772215516439,-0.0757325439791694,-0.18245414941866925,-0.3370699745930537,-0.43278066681638205,-0.5201060675320904,-0.6499243446608916,-0.7669994171363181,-0.8084695876899014,-0.7323341715394919,-0.5822525758445144,-0.44084902740413584,-0.2670341827800586,-0.06166895404476323,2042.6336391770747,0.2715902857482186,6.748922169208527e-05,0.049599360674619675,-5.185010735202638e-07,0.0,0.0,0.0,0.0,0.0,0.0,0.0,0.0
-718.9350577251316,28.98151325528906,24.944185440431287,20.985289734964248,16.421911484488696,10.780216599121623,5.869149960391519,2.2279101185522876,-2.121307023214613,-7.362302274605444,-10.84150282330763,-11.616076667296635,-11.409184254546428,-10.56051278368013,-7.899365064500866,-4.5162575406595185,0.09287064132053692,0.05745328674169164,-0.03656772215516439,-0.0757325439791694,-0.18245414941866925,-0.3370699745930537,-0.43278066681638205,-0.5201060675320904,-0.6499243446608916,-0.7669994171363181,-0.8084695876899014,-0.7323341715394919,-0.5822525758445144,-0.44084902740413584,-0.2670341827800586,-0.06166895404476323,1626.1640264769085,0.2798627612461049,4.6486034989356995e-05,0.018304996192455292,-6.113809335731627e-07,0.0,0.0,0.0,0.0,0.0,0.0,0.0,0.0
