MFCC_1,MFCC_2,MFCC_3,MFCC_4,MFCC_5,MFCC_6,MFCC_7,MFCC_8,MFCC_9,MFCC_10,MFCC_11,MFCC_12,MFCC_13,MFCC_14,MFCC_15,MFCC_16,de_MFCC_1,de_MFCC_2,de_MFCC_3,de_MFCC_4,de_MFCC_5,de_MFCC_6,de_MFCC_7,de_MFCC_8,de_MFCC_9,de_MFCC_10,de_MFCC_11,de_MFCC_12,de_MFCC_13,de_MFCC_14,de_MFCC_15,de_MFCC_16,Centroid,Spread,Energy,Flatness,Slope,Pitch,Inharmonicity,Tristimulus1,Tristimulus2,Tristimulus3,Harmonic Energy,Noise Energy,Noisiness
-640.4739492651919,84.11502937921622,19.61551988617969,11.258231765259108,5.688447298530061,-4.310498418462923,-1.2738381426171188,8.91567024080909,17.476996311138997,-2.993710479034021,-8.207951131628459,5.655180236239076,8.705105346447516,-10.830818950091315,-11.465128720853151,8.770392976850902,0.6866634692903961,0.250037868571085,0.5227247699241502,0.7700388819770938,0.6317225140842202,1.7301567674348883,0.9367710348563121,0.14355131781990416,-0.5340191185571537,-0.1264325756874519,0.4653200472559578,0.5849483026734401,-0.5041991460739582,0.42821746753436946,1.2735439056900595,-1.2782668842622755,1910.3226552053459,0.2811552748050941,0.000577910803258419,0.05468049272894859,-5.676824909971116e-07,29.11467933654785,0.07718170434236526,0.02025667205452919,0.2539941966533661,0.7257490754127502,0.9884299051989813,0.8950045096646051,0.47519812880207385
-648.5271672846907,78.02602909725508,20.640173633745366,6.1742133958165155,12.94338464390457,4.647673512364939,-0.7602063695232726,-15.341943587344836,-12.91796015691272,-7.751183482529386,-4.763402079147696,12.674034871875756,2.6636610697658436,-11.35480156690534,-19.563867849377445,-10.042828402936745,0.6866634692903961,0.250037868571085,0.5227247699241502,0.7700388819770938,0.6317225140842202,1.7301567674348883,0.9367710348563121,0.14355131781990416,-0.5340191185571537,-0.1264325756874519,0.4653200472559578,0.5849483026734401,-0.5041991460739582,0.42821746753436946,1.2735439056900595,-1.2782668842622755,2021.6411301512078,0.2762607500638322,0.0007479237392544746,0.07119734585285187,-5.86462956814291e-07,29.205183029174805,0.3623678386211395,0.02042902261018753,0.252828985452652,0.7267420887947083,0.9249604322812373,0.8413502595522588,0.47633197457402354
-645.985564072632,84.44689691729468,12.561537057990376,8.414187188580975,7.518093512788375,-7.936866872221367,-6.7204286679688,-4.530854023213944,-1.4195455812601216,4.917155540942673,-1.9394298481292895,-10.265617367956029,-9.1957208712377,-8.36688065375149,-12.098975164615656,-4.378655079870089,0.6866634692903961,0.250037868571085,0.5227247699241502,0.7700388819770938,0.6317225140842202,1.7301567674348883,0.9367710348563121,0.14355131781990416,-0.5340191185571537,-0.1264325756874519,0.4653200472559578,0.5849483026734401,-0.5041991460739582,0.42821746753436946,1.2735439056900595,-1.2782668842622755,1893.6582048020987,0.2757392237665412,0.0009525632485747337,0.052979204803705215,-5.580665613623968e-07,56.898624420166016,0.3227270543575287,0.06648960709571838,0.6046507358551025,0.3288596272468567,0.7824636515029065,1.0978156510941393,0.583857754312263
-653.1875506069512,81.69721612516246,21.788195935547378,10.56802216604008,23.713848720041028,11.56787406752009,-7.775731748277766,-1.0218236048982527,-3.0920106529364557,2.859867478108383,-5.882464925129188,-4.408914147977144,-6.619397566595195,-10.336496806405314,7.631872670678609,8.351686638745841,0.6866634692903961,0.250037868571085,0.5227247699241502,0.7700388819770938,0.6317225140842202,1.7301567674348883,0.9367710348563121,0.14355131781990416,-0.5340191185571537,-0.1264325756874519,0.4653200472559578,0.5849483026734401,-0.5041991460739582,0.42821746753436946,1.2735439056900595,-1.2782668842622755,1932.030541698623,0.2792719676749799,0.00066407211124897,0.053564272820949554,-5.224505198867208e-07,116.8768539428711,0.06926871091127396,0.23260712623596191,0.3951420485973358,0.3722509741783142,0.7578264345799015,1.1812992225017025,0.6091916829565162
-653.2286386116391,74.1009605649214,15.794760016093434,7.442427597691825,15.356126184685069,1.8789860771576783,-9.91687894169716,-2.25256007738796,12.366675542008814,0.23401692445341643,-8.439234595767164,3.706497053701072,-5.776512928260243,-11.360185823800334,-11.555550642033948,-6.706857010097756,0.6866634692904072,0.25003786857108157,0.5227247699241507,0.7700388819770944,0.6317225140842191,1.7301567674348892,0.9367710348563136,0.14355131781990563,-0.534019118557153,-0.12643257568745245,0.465320047255958,0.5849483026734411,-0.5041991460739574,0.4282174675343702,1.2735439056900608,-1.278266884262276,2186.7914553508554,0.2852668235149656,0.0004680221900343895,0.09367436170578003,-5.097406769871502e-07,28.789562225341797,0.25246185064315796,0.009245957247912884,0.32561272382736206,0.6651414036750793,1.0933487566614362,1.0282354203557758,0.48465454799978647
-651.1594008425465,72.17527293144215,18.02838080546414,9.029330159375029,10.69405014372585,3.4252297343742035,-4.573867537117669,0.31585194593579957,4.483044715261422,-2.4868646260464358,-9.420005017948366,-3.3612370808845853,-4.8033979678074195,-4.303215579892813,-5.986564789028283,-0.9068373696517127,1.088861296208128,-0.08139938791762324,0.8183420157716288,1.697461673959394,0.5251847474063834,1.20389595793358,0.8379103400602526,0.3361890383804193,0.20093399062115885,-0.15634033188823085,-0.25615379737315297,0.9564697421124563,0.6833362383217501,0.38843186586763573,0.6939807215994492,0.13280118295299476,2166.7185041233706,0.27270479865658065,0.0007270351052284241,0.08619606494903564,-5.053719349990785e-07,24.6226749420166,0.0830734521150589,0.0,0.0,1.0,0.938347485532244,1.219019743929426,0.5650497176753766
-647.9781692623073,83.84511327905739,25.73801138005011,13.429446797130097,9.727146424836747,15.15943638089789,7.4247139492541745,-4.31263191346281,-6.492172903458386,-15.442686811119264,-9.117779821534665,3.302370200851356,1.9560607396052097,-16.514970618617753,-10.661100959040228,-3.9372174665009583,1.0410930131812155,0.024764938418728927,1.087456980148603,0.48814826239316506,0.1989224969539798,0.9175377150350223,1.272045560947212,0.002509742459568004,-0.43682052495332113,-0.5750681161087114,-0.005676229405505419,2.049557717386882,1.5226457984365391,0.12490925209199034,-0.7132154264234092,-0.3918723098723266,1890.6898437936134,0.27191453836423485,0.0010833162814378738,0.05217009410262108,-5.703379781364454e-07,29.75323486328125,0.034166086465120316,0.0,0.4410828649997711,0.5589171648025513,0.8856285374544326,1.3295036990262803,0.6001915719210185
-635.1796458308396,82.8902504766534,22.42508514601711,19.640476697478967,17.090477707818614,6.55513303619926,3.8134186403501245,-1.5664566472277202,-6.548877762221874,-1.364420843047783,-6.275984622155045,6.994235764664869,0.44645516765197546,-5.313311526655698,1.5526357408229965,-9.012950204229034,0.9601431265361922,0.7931667792238799,0.27865323871533837,0.0675765895341405,-0.5747278635870494,-0.21256449948884157,1.0865402536541704,-0.2680070525034861,-0.8268067169420926,-0.010654352321437077,0.5730808488724204,1.5602876214824823,1.081190146469989,0.3816292844862008,-1.0326121323545614,-0.2021268506058368,1747.673626135414,0.2750880497745274,0.001056070439517498,0.03704715520143509,-5.444312020014085e-07,29.71078872680664,0.027551354840397835,0.0,0.5032316446304321,0.4967682957649231,0.7944629855756642,1.159093194424641,0.5933247307095412
-639.6953731624876,86.89880899078243,20.469424422329084,10.586160716060384,14.204388399912421,10.698767906911502,1.474471261421018,0.2937948604357552,5.332447555813232,1.8363331081126693,4.379846494373905,11.643341055572021,-3.224868123194846,-6.372949791457989,-5.513675566013566,-9.082106740699196,0.7060370681949645,1.2432566563985346,0.17614727802689256,0.16044706361959898,-0.1742122203458947,-0.49837631699577206,0.38137629425119257,-0.6665752884656855,-0.8563984305652107,0.5851868330428077,1.086841301312797,1.27808479799729,0.13196070533791715,-0.28821650977763547,-0.10781341873195717,0.3707081077701183,1834.865344137264,0.27676166344517494,0.0008866116404533386,0.05424097552895546,-5.675139003093934e-07,58.434810638427734,0.0709029883146286,0.0900854542851448,0.43469271063804626,0.47522178292274475,0.8133301752987381,0.9037305098590378,0.5263241524722212
-647.2284607495658,71.93354886909545,24.18013090084173,23.974176294018847,20.525365135730574,7.915644736744342,-4.467699632713633,-13.130260194192376,-8.524799484390844,-1.7543515417590916,-12.978770141667582,4.988818942807979,2.96949529947,-8.246668166781387,-11.277125680157901,3.466686622568247,0.17312417099882982,0.7366081340193247,-0.45488195293629785,-0.13634959650462392,0.007842100205454866,-0.5367928481916929,-0.3683553599873627,-0.8440466941727645,0.3917546309495171,0.4934973133994006,0.7963085712868136,0.7082847454887969,-0.06328544722559662,-0.4335442588716664,-0.3836465437007525,0.6962645912295509,2004.702529968442,0.28969581720694815,0.00046765804290771484,0.06276312470436096,-5.005909324024357e-07,58.54568099975586,0.09185797721147537,0.09885743260383606,0.3902643620967865,0.510878324508667,0.6146208527374211,0.7902458426666317,0.5625059268981742
-645.6000577454553,83.06345283639254,23.642932247992587,1.457142334784109,11.870055656694046,3.373004111052601,2.0867340136402377,3.785519235029191,2.377832780499471,-1.3299709733666818,-3.8978900208269427,6.872158362435505,3.8640107693639343,-10.301707381570035,-13.521195468312419,-3.37883664187674,-0.7828271971610377,-0.3816563501871518,-0.621479269252824,-0.9484649317003275,-0.10220663985794748,-0.6222797119977665,-1.8711740103655574,-1.0154666645556774,1.1290066559201408,0.9818023321637493,0.4556715093877415,-0.15300964327897215,-0.672619755082338,0.39287908958657336,-0.4458691521236892,0.5866407280507334,2078.113010446881,0.2835146557201519,0.00048075802624225616,0.07736290991306305,-5.324741661843282e-07,58.538818359375,0.08806660771369934,0.12140867859125137,0.36899134516716003,0.5095999240875244,0.5869783125983694,0.8803783692253611,0.5999757115162805
-648.5430084299915,86.23028671315939,18.32313703409455,9.309033409178493,11.672515672457276,6.128852667077803,0.9541390597880084,-3.999039500173959,-4.454712350927608,-0.8129684052997563,-2.287284640365585,10.360883467182807,-0.2231525607021938,-5.969695284130681,-5.024651597622814,1.9232289259321056,-0.6375157506287866,-0.03463815202658981,-0.3486306162404077,-1.0792257622654207,-0.2893446906063599,-0.20243402573993302,-1.2260394991711998,-0.7543071260245153,0.35847591053189004,-0.2914840966499028,0.05550778787780086,-0.5329561297556524,-0.6444851684448443,-0.4833048696808739,-0.4485757333503614,0.4126303635899407,1953.5597604330787,0.27622369164297633,0.000440339557826519,0.07889707386493683,-5.449801837776095e-07,58.49409866333008,0.09539913386106491,0.09608285129070282,0.3842822015285492,0.519635021686554,0.6285331590548888,0.9457727329357728,0.6007553790832048
-642.7772289268754,85.3385556978334,18.824680142346622,14.542083446671239,10.07891726004144,-2.071287667520224,-3.6029699395356234,-10.173145507295757,2.2829944717357424,0.7975220103370535,1.5795961202619728,11.30263873728202,-8.817021451354275,-16.8068661507789,-9.256699206686086,-6.667884734245277,0.15794377341966342,0.0025987636923653773,-0.43442416027966857,-0.654849010688716,-0.48989346803774625,-0.4006784060360222,-0.46582950894909725,-0.25475019004303207,-0.12244756781842867,-0.7138260234670621,-0.8335208403146169,-1.9995737625240584,-0.7414487998110649,-0.31407934250209124,0.5487142406823663,-0.03235107786464329,1953.8486652127176,0.28207919919553165,0.00048532430082559586,0.07584207504987717,-5.135530551151601e-07,29.65250015258789,0.10446242243051529,0.0,0.3141337037086487,0.6858663558959961,0.8245599582271967,1.0146351740283575,0.5516734772911388
-644.3053910838202,81.3931340479945,17.647747039242695,13.597584964119124,13.840417723889418,10.340961181337853,-0.5518609181095047,-7.606102938456193,3.4695596362898855,-6.748711739651842,-5.4233242670881605,0.7723045211495267,0.8897161080656353,-9.277076537581443,-7.504040614007557,4.6912248598136,0.1925099871344387,0.25451117921304844,-0.21463170046927837,-0.8489207403109482,-0.9941618399494739,-0.7456707595580867,-0.213087885144546,0.5511008225540253,0.6710538904003356,-0.8181578086547081,-0.2289939387578543,-0.9860370986644416,-0.7237985447713065,-0.36835050537583813,0.41785720014708194,-0.5577353988950341,1984.2766401224558,0.28523177351118145,0.00044730957597494125,0.07585415244102478,-5.123307100699749e-07,38.92580032348633,0.3096551299095154,0.008980446495115757,0.2489241659641266,0.7420952916145325,1.0552070256688642,1.0501973513147784,0.49881028214606854
-651.0067034776872,76.44904753320283,22.285446528016593,5.422965977549733,14.90753975066825,9.81759539670995,-16.185675610031545,-12.064232153015459,3.4363036451328393,3.606626108562989,-4.194948635288241,4.501009012354576,-4.871442662817337,-3.0012455576270627,-10.24823767507016,-6.2369844228398605,0.08912326163120614,-0.5844740310615196,0.5888419367380026,0.7642299734446691,-0.434128955166151,-0.461255272123882,-0.48180266436268615,-0.14364775090641557,0.20856743264418265,-0.6664397164813606,-1.3398649973187875,-1.3065970707195467,-0.1947230088533372,0.5319926699025394,0.786503285490191,-0.12546405638063102,2192.194744494676,0.28458920906134244,0.0008063521236181259,0.09897461533546448,-5.55768463690954e-07,38.184120178222656,0.1772555410861969,0.0057752965949475765,0.2096155285835266,0.7846091389656067,1.40622968408305,1.0159914996938055,0.4194462118069737
-638.4261263913895,84.90943098462952,20.304364280356374,9.241546704358727,16.013202140740077,4.327916755097881,-1.8675570626365436,-2.8849557197938913,-5.723101154382665,-5.099095190113622,-4.159365929303363,5.357279967860768,-3.775743803422081,-12.950168869539755,-4.577745276121735,-4.747343584304968,0.7196594583422917,0.36524038170509726,1.0546233939071776,0.10899727749101318,-0.44545053180532457,-0.5849761527380297,-0.004682197640090924,0.41715701427599955,-0.4449849240426508,-1.0847108573213624,-0.8356025681512765,-1.0361089426962935,0.14285027056233407,0.5027731837231854,-0.01610572976477878,0.040562235855545956,1875.6532285925155,0.2770847210043679,0.0009229797869920731,0.0425860732793808,-4.94412012225795e-07,30.56955909729004,0.09985508024692535,0.0,0.4989486038684845,0.5010513663291931,0.9865037754913613,1.5240927382568077,0.6070639905340381
-642.2840488002518,81.72236967740344,17.707477342199034,8.757848037856766,8.179391065743964,3.104065031212328,2.049626505937017,-2.3847947924157014,-1.115843138090391,-7.346862215004178,-13.804980055707217,-15.043891739529652,-5.1981612442930745,-10.379900000529377,-3.324128901330142,-2.669775346502746,0.12226891014241659,0.2609899413931113,1.2305296601414006,0.4187083154767391,0.3865075934619253,-0.07187259597514595,-0.0784344827742005,0.8729515676224634,-0.5671483209837026,-1.0935810554918732,-0.33707972001184294,-0.4499291168027745,0.3498890471781561,1.003786372282297,-0.6250884972517623,-0.2077020494650234,1914.7654711681148,0.27691758865899135,0.0009311940521001816,0.05587037652730942,-5.189082066075515e-07,30.633167266845703,0.22315052151679993,0.021909454837441444,0.43547919392585754,0.5426113605499268,0.9377534320987393,1.4719164439998935,0.61083738424078
-649.8288900330499,79.63983383195558,23.556441353599315,8.078358631740393,5.003437122902925,-5.139465156814332,-3.079662800268149,-0.3202825640584368,4.50713291893484,-8.07326287250114,-6.603684863518745,10.837509220208112,-0.30095293763112696,-13.674449638782875,-12.632636146842904,-2.2035791551205732,0.6763371727520683,1.0405413739919427,1.228432989493549,1.175854664768756,0.06548651082988557,-0.8531575070382037,0.2685456007064568,0.7583224587158278,-0.5577445873464686,-0.9940060923232698,0.1116104447795946,0.0828981103956754,-0.30562903837420263,0.16571452211958065,-0.17608615353083215,0.2882558659229825,2027.3872672247917,0.27398848400900666,0.0009486349299550056,0.06471242755651474,-5.788218121828422e-07,55.22312927246094,0.09289126098155975,0.0,0.31635499000549316,0.6836449503898621,1.02020459354974,1.465301464189518,0.5895384803537
-645.0152038551129,80.16820080742883,28.445030149229424,17.824725288880057,10.76649723430362,3.8209981543071896,-4.6123287433624975,-6.20272689275929,2.782544320346579,-2.2215578948999886,-13.38226630970548,-1.0572456363986418,0.3584507936019039,1.1615384408220133,0.28448323880608406,-1.8051040096383195,3.1512054800777745,0.26450043294896997,0.8692392366169908,1.7104527858716552,0.0131392875289265,-0.026012131730574595,0.22061085463563634,0.5959577680823118,-0.3830131889433277,-0.5441451280819444,0.3811147453900342,-0.5096495371421678,0.444582142287684,0.2138915932489534,0.1131950489046791,0.9459015833606659,1947.5699358202596,0.27371912340355137,0.0009654052555561066,0.05554907023906708,-6.121002476420641e-07,24.964618682861328,0.2863801419734955,0.013875793665647507,0.0,0.9861242771148682,0.5751932409246605,1.8349513265649635,0.7613449215107563
-635.488549553423,95.14497817850858,25.11737057681619,10.407903840999685,10.575600186405095,2.353591770087301,-1.653999389856019,-6.7822677742851365,-10.884898543542166,-11.418673688875966,-0.6072381868391018,3.9427854454406726,-4.284988517767003,-7.861050810657297,-11.588853805230954,1.4401766586928852,7.184263030191247,-5.375688754673511,1.4469473565271815,2.6652374733750994,0.3561251850910434,2.127142410061291,-1.2966728487292865,0.2806774960694318,0.01849072960476006,-0.16442377241530837,0.5869644927517292,-0.8089925080879796,0.400937685653796,0.3639017950094531,0.08927249527831393,0.9183033627641304,1699.0645786746124,0.2774933511199771,0.0006077922880649567,0.040279045701026917,-5.499873127127706e-07,39.762603759765625,0.17668503522872925,0.01623694971203804,0.15873835980892181,0.8250246644020081,1.3600795132972505,45.60687376429064,0.9710417768583199
-647.7008853234091,78.39734437189999,27.787596312370358,17.304886383651322,23.148106827725165,8.206294550469938,-9.43653032626537,-1.2686692851490509,2.310934435917997,-8.446088437794579,-1.8839256693399986,3.5849113033118165,-3.1713017189648154,-4.712411668651317,-18.822054511302802,-10.19701063927696,23.738013654797957,-12.199874781397513,0.3316206281664439,1.2220325551458475,-2.4104928132001513,1.910391022841114,-2.7787166987087364,-0.5786955677034458,-1.2714957821162407,-0.6244916832654153,1.078053695452097,-0.3873930279053955,0.7213165886375683,1.0160241985159442,-0.021768827150668274,1.0186948624179855,1903.7301567543186,0.275515225395099,0.0006306776776909828,0.04511328414082527,-5.373467589432866e-07,55.56426239013672,0.06419174373149872,0.0,0.2726172208786011,0.7273828387260437,1.5686815963405565,271.68723881381567,0.9942592951179758
-637.4256967635157,90.81080064940488,26.856738193393095,19.474066749997966,10.714314513572592,-0.439996577823615,-0.026825894402670247,-1.4247991562870645,-2.446280437025501,-10.740804045377585,-7.36417712758799,-0.08656480570597769,-6.104355827738078,-10.937902762298622,-1.1115690602750012,8.675154555271128,36.806834021946635,-18.480608962556545,-1.5526509039308027,-0.11511710164711417,-3.8931826044921847,1.142916161021067,-3.10991253743607,-0.6689914232402584,-0.9365050225489393,-0.41018586202915275,0.7829962126870982,-2.1505897863850967,-1.123612732903189,1.0498083432473901,0.7643232890220313,0.31394242886070317,1743.027418422086,0.2876261888843325,0.0009197285398840904,0.04739639535546303,-3.9644341212922436e-07,4689.94970703125,0.0,1.0,0.0,0.0,0.10543469485128654,402.1203648656956,0.999737871874538
-605.365610355754,73.77675334496934,24.97946285160403,18.549462256183027,10.201396137111615,8.57896942908824,-8.870398603174243,-3.1625495054875516,-2.6318906484198914,1.0616966442707059,-3.534257918077782,-6.651571042331758,3.5263276221047586,-5.5891651122940385,-3.6619268838016774,0.7373444158217959,48.7129170998963,-11.672172487515777,-2.721334921260433,-0.27730131301045935,-3.8573358080281737,0.33000900762362323,-4.403594853399323,-0.7545755533060486,-0.6097321712412413,-0.27681413976892344,1.1421631837953943,-1.7400244964299503,-1.0108075859707761,1.1659366797649242,0.2527814631591483,-1.0393566501554428,2195.8607741757687,0.2874472443624296,0.00278494693338871,0.11604490131139755,-4.782084886248239e-07,4478.04248046875,0.0,1.0,0.0,0.0,3.9168263854262477,5253.826825958324,0.9992550366384485
-563.8811860395872,5.090542614010001,35.068795535528224,36.308503808418905,13.887735019889767,28.682816219074255,-13.44799901894941,1.2272666502632268,-0.7140954284768215,-10.98196769863754,-5.552279169306251,-8.770350398327915,-0.5209055952183625,-10.984479021448259,-3.969208465850108,3.130476837627387,58.18538453802351,-0.5929278454421842,-7.300883110422079,1.2534709711922944,-3.2919769467579134,-0.908802752689315,-4.677467647119208,-1.8840166244920589,-0.49795940268901395,0.1775798505041879,-0.7065638239945826,-0.6999714791709849,-1.5721637387405434,2.865462612802533,1.833534267290273,-2.681713617705705,3576.052238037907,0.22687848071222746,0.18540674075484276,0.2700585126876831,7.208094601293001e-08,4347.8798828125,0.0,1.0,0.0,0.0,1.018921110392185,13775.011352327108,0.9999260366673006
-370.0151319205358,-41.08451551659433,15.34546287291748,3.2868182716345298,-34.393352588194304,4.712630791499794,-30.13263025464053,-15.085346066844021,-15.67479565152118,-16.343803524843047,-1.6574983552117675,-2.3443921784553408,4.657455491702217,6.987549778677179,-10.794348194269872,5.530136908331443,61.297510825643236,10.787926503407624,-11.509635270963633,1.8004634483404443,-1.2703040133009817,-2.7159803313852438,-4.422963782157104,-2.6473591314788343,-1.247430613894258,-0.406205073817601,-1.3662763355720156,0.21316121519624223,-1.7774948989210881,2.8075336016889696,2.115079766377678,-3.6371672969583093,4256.209303933429,0.22124423502395896,0.3837548466399312,0.2122899740934372,1.3839026214998921e-07,161.6479949951172,0.07501111179590225,0.058789025992155075,0.5010793209075928,0.44013166427612305,2542.7914599532182,19630.38432129678,0.8853212780596162
-350.36393415361505,-60.44739782439312,5.817674137706797,3.9935884181252868,-17.94380432169534,-1.9222281635408374,-24.83265784457675,-7.224486689288318,0.45286727315337505,-6.229665846116669,-0.767214085664538,-11.540289160730618,-23.93584625129591,-0.5159305271572394,-0.4585178132711749,-6.574612263929288,54.04680558281945,19.335459693345495,-13.73568433703219,2.7488651925408023,2.246359024396767,-2.5980343277983753,-3.678342402785011,-3.577556456518418,-1.341250726831747,-0.8840785614215995,-1.9940142947347415,0.6866873095638051,-2.01006162023405,2.8138368466539494,1.6038791950941473,-4.521080979444783,4503.468604117128,0.29797240240046186,2.675282328389585,0.282300740480423,-2.3077987551819983e-07,109.43112182617188,0.03926001861691475,0.07597090303897858,0.5085318684577942,0.4154972434043884,13953.028718216163,11173.498625533837,0.4446893306294133
-285.3939132889434,102.95088994996442,6.267831043847643,21.27636695228213,2.2733880763368095,6.444126899143246,-39.578914457987494,-10.944374066887715,-6.306943819211276,-6.256377416664089,3.30397522470996,-10.409708989180357,-5.375760859276501,7.303411765793987,-7.570990114899217,-17.861766414396595,38.53809320350189,25.956010443853085,-12.444468459745822,2.5760375140291267,3.446222077400278,-2.3014733136275822,-1.0897871832690411,-4.242997449352764,-1.0946775861441236,-1.7569787436489335,-1.563541487101126,0.6059655179665817,-2.8216323044813896,2.0569185564591015,2.1001027972463473,-2.983357461114442,1470.1807509484447,0.18739477260484283,11.932083551771939,0.02323146164417267,-7.90337255493317e-07,110.07543182373047,0.034725770354270935,0.08462155610322952,0.5069787502288818,0.4083997309207916,14129.55810126708,12323.75830498292,0.46586817757456095
-236.80651142267467,172.18031776561745,-55.32802010560815,37.78725814448446,2.32973164753813,-8.24912332950168,-31.4907521098989,-21.905195648522266,-10.079728496844533,-8.301453254513035,-18.86429262897354,8.589245938788249,-17.58113699926183,17.753855965233214,8.93244161093558,-26.61027548908016,21.618321354348442,30.395093354264773,-10.340271466920427,1.3569186637963084,4.07892498962001,-1.7017299382347177,1.3736556999781706,-5.0432073187084026,-1.793441292517125,-0.8117325288472699,-1.0261234169273754,0.6888838578861365,-2.5192007342679363,1.2692027162650743,2.4649945283034924,-1.769386269744225,1008.5535205653894,0.14863552652136758,15.659448212012649,0.0017981712007895112,-7.796492164348591e-07,109.84373474121094,0.02072036638855934,0.08559054881334305,0.524307906627655,0.3901018500328064,13068.139512329359,13562.803847045641,0.5092873978972687
-242.06777344928997,180.9865208929581,-66.54976777449961,37.29222106241696,22.30387264351997,-17.957882995923892,-33.98261976318627,-19.614908272567185,-9.12965281764345,-13.897716070869825,-18.368366919185362,2.847025136909755,-10.921359919428298,6.818347748417567,6.447992933358462,-26.564619869889754,7.092389199984288,28.461695562095215,-6.970187090286265,0.36710224480845866,4.003075097231959,-0.21354790120633355,3.5448301009544485,-4.321583997616851,-1.8162693256432325,0.29122474249952435,-0.38775337440805324,1.0777764826083511,-2.347793793793819,-0.6519297211511689,2.16150770108925,-0.4402633498604718,993.7664409940074,0.18668500678562241,12.83918775524944,0.001252361573278904,-8.051109568084379e-07,108.97709655761719,0.038265589624643326,0.11023851484060287,0.6101341843605042,0.2796272933483124,8376.648212424276,16498.457256325724,0.6632517509142761
-283.88963266742655,180.88163144615217,-63.06378811467632,41.41321119523986,31.945159019760865,-1.474776428663024,-24.984848469857315,-32.21788877934992,-15.350866136477654,-16.644536679453168,-20.7331714629252,-3.5736712625568723,-14.38109468533262,7.515882301856957,8.107514445031587,-17.946234928081147,4.706781170563169,19.98296983943419,-4.932375810491223,-3.411461129443903,-0.8244980308575108,0.6552837035654961,3.8760915206632367,-3.091608126961785,-3.0615229596641096,1.104871717915689,0.5709094311527949,1.8093977113787714,-1.4142386816292258,-1.9064901615203702,1.3605480525857623,0.18849067622647525,892.2165129085975,0.13242052209793964,4.7089431481435895,0.0008324638474732637,-8.105138841070733e-07,111.31167602539062,0.1083698496222496,0.09745298326015472,0.4343436062335968,0.46820351481437683,6909.102313116234,16744.596905633767,0.7079060552338693
-329.65091225070444,162.08114627637997,-31.854087422392542,27.910375599523192,14.93466269004693,9.592044895679532,-12.97505094342552,-35.78868633089907,-8.713898884020505,-21.751154649739085,-2.722007086566398,-9.087690057223584,-22.202284734973638,6.9064966341457605,7.813162471866392,-7.1491894812151,1.5501359849140464,6.953474157343128,-2.7776539311498674,-6.905563418891682,-4.957282573781559,0.9922845907530679,4.514726401912543,-1.0601511830007722,-3.144705781802738,3.329700408724116,0.8950890458463511,1.682195326189386,-2.088620634641708,-3.893316026711472,1.8513226186160885,-0.20747517757230988,877.2360411697567,0.12951745949981885,5.160721153020859,0.001985922222957015,-8.284516908017897e-07,114.86407470703125,0.13235235214233398,0.07351672649383545,0.4050007164478302,0.5214826464653015,9064.871892642244,17625.507013607756,0.6603693066897768
-313.94821617974173,168.46927421222958,-31.990482916017257,15.480840853356028,8.123495592985075,5.374083173746569,-7.034326363748141,-44.229003335870836,-24.228843437435636,-11.98467220745487,-4.74468465009674,-0.6771116015690877,-21.555087457174203,4.219711170763417,11.26231456788427,-6.039297720426857,1.9850286896740768,3.0768662575625365,-0.6566476960720655,-8.391261143744646,-6.84409953753038,1.5396817238722278,2.9714337799977324,0.8884312983917197,-2.0300902311489946,4.558944760926333,1.865636525967262,1.5342092583691143,-2.7446405169819568,-3.8158796860771655,0.23811717419369288,-0.896358970120081,861.4300374124772,0.15463970499699406,9.753796060569584,0.0016575149493291974,-8.175137604021621e-07,113.97856140136719,0.14890813827514648,0.07185771316289902,0.33983704447746277,0.5883051753044128,9002.642866916007,24138.25166433399,0.7283524481082723
-257.041802609108,182.41295730402527,-39.85632445569628,-4.04557996897103,-7.632195215635997,-7.230366953038573,-5.237335018236656,-37.155389131447286,-21.886290560915,2.1739818564260047,-1.0104851838823183,8.054591725656667,-24.73176915143007,-3.585176330362665,5.351798534295475,-8.997597854042962,7.783788587729834,2.1510787198568466,-2.535353871372871,-7.321496436933996,-7.580402834595048,1.2822047497929554,0.9850622366640236,2.0893472906527837,-1.4678337782631652,5.7176919213762325,0.5792129662898274,2.55698023159329,-3.323228895298939,-1.7596219534194681,-0.3615562391075074,-2.1395378357156827,889.0009680194453,0.1576194375078676,12.590534935705364,0.0015873666852712631,-8.064915528026713e-07,112.37152099609375,0.1360480934381485,0.054321710020303726,0.23335666954517365,0.7123215198516846,8302.993297939916,29419.452014560084,0.7798924955909852
-240.55966252615693,186.28246468241252,-53.917535077825804,-14.688198321305705,-23.936666799933604,4.463812554552985,-9.927574692456915,-18.734998937038142,-26.81484807864065,7.825609588989324,0.060878740478448545,9.369308542535187,-25.825213823776593,-14.201806702042441,8.751382625517905,-25.534725022292704,13.315840366268924,1.3693493406876303,-5.40712104862691,-4.746888743829284,-5.725003031311622,-0.5486295791647757,-1.4539867993251783,3.0772410845673543,-0.3532686495758906,5.869763724708836,-0.4365108255633656,2.7029799929207434,-2.254320694795714,-0.26707184044352605,-1.19981214727666,-3.117805944141633,966.0871716084331,0.10666714808980655,13.442241529002786,0.0015583476051688194,-7.983044394474277e-07,641.1829223632812,0.010957823134958744,0.5463343262672424,0.43123412132263184,0.02243165299296379,2031.6141776785041,37885.0694160715,0.9491036329982934
-244.32534972963322,199.06626322546208,-57.56988965330355,-15.798498880585502,-31.46260190851082,4.717720925353198,-6.890674391382964,-17.451270276942104,-32.328377663029976,22.39301649992339,-10.139630185542412,10.910250741229822,-21.82330995155476,-21.103776812257827,20.094040572223683,-33.54080223790881,14.781471427129132,0.3621954353802037,-7.368870835073729,-0.36543880191094813,-2.8408165286788507,-1.2875199478808645,-3.621296141350082,3.069314862538896,0.38055178385014676,5.126729026144372,-1.746718615242306,2.156076445138712,-0.702666191160805,1.0785794879109272,-1.6347439624935993,-3.842617076838843,983.2734522138859,0.11019651469834736,15.552149712108076,0.0013926706742495298,-7.903269464524762e-07,664.9571533203125,0.004397336393594742,0.5176733136177063,0.4507090449333191,0.03161761909723282,1504.451591947171,39307.786689302826,0.9631372437458704
-245.15516134834004,196.99013550463602,-74.4852113976855,-12.22392540403704,-26.424278115126477,-0.9242919418045666,-16.701270308782828,-16.601223890384123,-14.106949439734427,14.648311470524504,-7.8762028670696775,14.797905262818812,-44.21985155656023,-5.0609831623409,2.5630703888416253,-30.567176124554337,10.770044178422026,-3.0725268360252898,-4.844536005329992,3.104998181008149,0.28504284891322473,-1.3761426629410818,-4.04890339165074,1.9418141522960177,1.6676712091639743,2.3811074719057945,-1.8064845625027104,0.3166917333009745,1.2611902430522877,2.1804173603082733,-1.556330565946746,-2.9628108013073438,1018.7812733845021,0.10976425782030232,13.413832088001072,0.0012390298070386052,-7.596066096588181e-07,96.03844451904297,0.2650710642337799,0.030023062601685524,0.22777879238128662,0.7421982288360596,17798.388501793244,22908.166185706756,0.5627635736202774
-215.37171779658922,178.22546755486113,-77.67434422692814,-2.9056760084155036,-16.41141912673165,3.5270545257881576,-27.73824602787587,-15.529406706186451,-19.62635646434235,21.37337061334809,-16.815478169885385,14.912470781524561,-37.512681495550495,8.46718373667721,-0.3297236756987346,-31.122318304456773,4.504644684300078,-5.763975094985264,-1.0018181197586586,5.651789373476749,3.3954181135618593,-1.3495178354542021,-4.023233484851872,-0.07724016853635643,2.0667912684860315,-0.8657712545748687,-2.220817084636851,-1.091509423059167,2.5212569819680146,3.052238907703434,-1.6533304190840334,-0.7424761205904069,1147.4279046505444,0.13790204649777477,14.550401581451297,0.0023908563889563084,-7.339478424700082e-07,47.4929313659668,0.09075020253658295,0.0,0.18064233660697937,0.8193574547767639,13423.67929542881,25111.80117332119,0.6516540307233324
-207.43706364954872,170.88987347104333,-84.1296557004423,10.112531600354806,-7.188836560055026,-4.993311750538502,-30.4754473305933,-19.993651665743737,-14.915977918196491,20.68727474399992,-12.862685174984948,10.519484816105926,-26.107840287111493,11.359286655331431,-3.118441573405192,-28.333737174744165,-0.1348999134678025,-6.308853481427215,2.8641754888710844,6.170454180718606,6.105731657668427,-1.8643219936001794,-2.8646152383701358,-2.6537432668360346,2.5644440869596545,-3.624812362145561,-2.413827141066708,-1.1139374023978215,2.241585391281741,3.6464524944199206,-1.173368989877724,1.445122678879639,1211.8774829669749,0.1311411206422281,16.759561870247126,0.0030807070434093475,-7.175764904540999e-07,95.41278076171875,0.1849718689918518,0.048539601266384125,0.28305506706237793,0.6684054136276245,13474.80505645565,19498.71056854435,0.5913446048731527
-207.49837294212588,165.11545553199892,-79.2318413945988,25.269005301014957,-11.1818213410097,-5.976892744643608,-36.769772929641775,-19.27191211970488,-14.297212973710547,19.34045067999055,-12.947519026646257,10.069920598595978,-18.338597374676617,9.419121420938325,-1.5345906954043158,-35.74714304228744,-11.293697149705938,-4.1471548280295245,7.313870655494598,4.86091756587904,6.3483269411748,0.13716752838003957,-1.0889096022830258,-3.4582123748740954,1.6779942600727225,-6.144606943586856,-1.3530011414143732,-0.8400470468410957,1.7767524194303972,2.3561699771798112,-0.5972834545751575,3.2389993968714577,1238.827265644765,0.1366003131789788,14.143192614428699,0.0031681263353675604,-7.345890691366722e-07,96.41400909423828,0.10558909177780151,0.05761127918958664,0.3647582530975342,0.5776300430297852,11362.886883919242,13004.521319205758,0.5336850440063623
-213.35483317521312,148.26099252420485,-54.994711337075834,24.446303937116006,2.924647105329636,-11.181933674228873,-28.632719576763968,-28.3655383385735,-14.030523870273358,4.681167147597152,-14.758433751746992,0.9861245963819921,-3.3684565262885977,6.999461445991068,4.123001162400086,-29.624415755990924,-26.90735876247483,-1.2972008119624352,12.82308052563425,2.592419734338134,5.330424867639166,0.3286230727101622,1.1217125472835645,-2.0923121325852154,2.0077687992399182,-5.718496167576106,-0.8675441179239229,-2.5468284233029244,1.9079027751711115,-0.012106617128728112,-0.10175739787841459,3.573124977221337,1195.3738325997015,0.17889083483681406,11.337670447304845,0.005593701731413603,-7.551911146462842e-07,99.20938873291016,0.07932613790035248,0.063444122672081,0.43528497219085693,0.5012708306312561,8100.464666156533,8389.791193218467,0.5087726512411099
-237.71876717626623,147.96990435303184,-40.83362711130181,25.2625175974657,8.203840386326018,-9.374263026083316,-33.1738851032024,-29.33265924311982,-9.285989914944214,-8.437713039555325,-20.55769208673525,-0.540891477620795,-10.025841500827115,6.930939603147533,-3.742178030250953,-16.522660947888625,-38.60471655409416,2.394458962427428,17.12261935565907,0.17913584522975115,2.8066372696903956,0.41932550968463145,2.931583637569879,-0.8224097785585964,2.4126206483654173,-6.2323824460120445,0.2308965094227475,-3.528992144964172,0.20465695012737023,-1.4014816338112552,-0.25773269092315954,3.7748039228375516,1075.0182000921995,0.15532933607886487,9.918236058205366,0.004074323456734419,-7.786884386528395e-07,100.14971923828125,0.11089742928743362,0.07976982742547989,0.49636784195899963,0.4238622486591339,4561.749580288891,6868.985771273609,0.6009224743651044
-265.4065984433785,157.61400611125816,-32.86297538964803,21.694067033000824,21.91761428730659,-5.427221702052216,-24.960788874712314,-42.81232263747106,-7.000476242698644,-17.93172654378198,-25.858856293098654,9.365132049656392,-26.268752837950515,13.200736677471074,8.549263097355192,-15.936664806437307,-37.62397888252896,4.709273102122287,17.67556561154671,-2.2647241123552644,0.6640011184673505,-0.009657755012191405,4.938697008082942,0.9139712631804054,2.114817448974755,-5.991766020708304,-0.6510191025662614,-3.2508338969382704,-1.790159880896397,-1.8375605792962357,0.7750790899861669,3.7147012338840306,967.2364244674102,0.20983126144853412,5.232678335160017,0.0023411607835441828,-8.553224096537985e-07,98.57278442382812,0.16718721389770508,0.12215861678123474,0.6382198333740234,0.2396216243505478,2067.4907909128146,6701.833427837186,0.7642360187239697
-385.8892620826888,187.1760396876769,-4.782601475567505,14.009230392690785,12.669882234411336,18.15024542809786,-14.7725419019753,-40.67153390306418,-17.879865446395833,-26.433990417597176,-14.60261313462083,12.49414613298887,-28.063613636623515,2.4005613346802788,6.541010715535936,-2.905853806397107,-29.639005319789877,5.373227436728233,15.398776351497029,-3.6759105080860133,-0.9416310295817184,-1.391743306661815,7.439120693050272,2.0164607225241156,1.2532188611840378,-5.991293885760156,-0.9685117591913666,-2.2514991189384657,-2.616612741400367,-1.5563171136288882,0.9001966973298945,3.03743722691003,667.5233668304372,0.15200600328641967,0.5487240012735128,0.0006046348134987056,-8.938301073812448e-07,100.80284881591797,0.045635245740413666,0.09363041818141937,0.7900086045265198,0.11636094003915787,4999.884416142586,4609.507185419914,0.4796877239002729
-484.33751861543766,181.74351570022202,27.959295697086308,8.187045019769553,12.321478023089004,-5.8960414817676305,-13.256161378505134,-15.204788214786644,9.489157682963945,-9.01956869613068,-14.148384588297834,-18.360898198044318,-24.685843516231664,-0.9912951743962463,-9.398296874429132,-9.137306547532177,-18.65234986359286,4.989156517207215,10.364359290832725,-2.9687331960416112,-2.513105623219749,-1.6700307605193947,8.413226196287448,2.506050217348533,-0.7609277672789945,-5.205151470685802,-0.8562737928528077,-0.7675430271687885,-2.402764932750751,-1.883623517471551,0.26098070714115507,0.9823719955042868,598.5616966193751,0.23907990504769372,0.7673567617312074,0.0007119697402231395,-8.984956192011531e-07,103.76724243164062,0.04884827882051468,0.0736517682671547,0.7226260900497437,0.2037220448255539,8698.245876513558,5443.094943798942,0.38490656670833695
-484.558738996262,192.6335748447862,52.34067861343877,7.543423285660589,-5.618689601938512,-3.0082626099354295,-8.595554117739981,-17.14569400637917,-1.707084110282467,-21.29178952509595,-8.785103279234306,-19.66898876284037,-24.921742612910883,-1.3331431629368333,-4.630188752987077,-8.740164787636083,-5.048848618048187,0.7473083482275603,5.064208599604961,-0.9039631214533745,-0.8357246962747903,-1.0326860491609122,6.459612900418307,1.9019114242512174,-1.569139179428564,-3.47898945945922,-0.32512158168540595,-0.6939745478936464,-0.9234599483488296,-1.8718694441527355,0.515132644223296,-0.28053273359185205,528.3057151532983,0.1970623005277764,3.063492950052023,0.00033563043689355254,-9.111541194604594e-07,103.41987609863281,0.048530541360378265,0.08466701954603195,0.7123476266860962,0.20298536121845245,8005.444323274126,7372.265637663374,0.47941245194443277
-391.4675059001629,194.3475850966173,31.83467854071541,0.37880768640858464,-7.216094508249174,-16.888723886528425,10.185728782288262,-11.624402699939285,-2.2476847249019825,-27.365598146435357,-27.543577843791017,-9.52408962233012,-32.854743042961104,-3.0119507188952546,15.01929515154227,-6.5162087470745,-0.2955089730601461,-7.53295197551845,4.225912695373808,2.4154922898604436,-0.3330104837272256,0.858886892688774,3.7272615270388623,1.7268325219397735,0.04191874680305177,-1.6441868615173212,0.19560483330395245,-0.5192077605940344,0.7845857986718358,-1.4117002857725711,-0.5862713857435642,-0.6404645986495063,588.9252723367766,0.23727711598608522,6.761505558155477,0.0004614030185621232,-8.816823408995591e-07,101.99539184570312,0.023038232699036598,0.07960394769906998,0.7177811861038208,0.20261497795581818,6757.8127054202405,7620.6824117672595,0.5300055638408075
-340.3462322422489,182.7847100104949,24.83504083545924,0.41727252696571016,-8.390431514364696,-25.63874494849125,30.487878830040106,-14.576219234860247,-12.247920798725042,-42.29488485502989,-26.70024967543441,0.6756506830880538,-28.420850382565554,1.2629731861787619,8.727034627001602,-13.10782754017687,8.739041957753713,-16.483443352775957,-1.9603934542768406,4.811191954742303,-0.4086039548239665,2.7419210579828555,1.7884508656794966,0.22879595891316531,-0.861150604573625,-1.4949469493493066,0.7380430678254805,0.36699325730203153,0.6523455190194294,0.08353091392100333,-0.49284777943809277,-0.9911603921303734,689.4467580007283,0.15082285702906112,9.572439561598003,0.0008003335096873343,-8.75131455198106e-07,100.3919677734375,0.020340604707598686,0.0787559226155281,0.745988667011261,0.17525537312030792,4737.759424692794,6689.327489369706,0.5853921948504328
-328.47165937283347,177.25606275725886,4.589530077910938,10.823321249420516,-3.1872359605831986,-13.013655538467408,30.70184464305673,-23.317535027477348,-29.642583309549327,-44.57184047288255,-23.607639141515186,6.045967128269102,-23.10614650966889,-7.964146680768163,-1.756413883384794,-20.7016111635821,14.414517687189141,-28.330594909191856,-3.6252256042206374,4.99509143318901,-0.7497263663642946,5.245185028868073,-0.6513159615117016,-1.8791367091241291,-1.2448036246626268,-0.9793798839281809,0.7715098031736236,1.2126134951467658,0.4568601744747124,-0.1202186097734278,-0.24583005075420994,1.2802658618130374,686.2863516455036,0.1414866723172044,7.666268992237747,0.0006616564351134002,-8.561951124249553e-07,98.34258270263672,0.006623509805649519,0.06949672102928162,0.6932441592216492,0.23725904524326324,1851.4501994440266,5643.083491962223,0.7529599204328046
-312.1417188489365,143.4926345814369,-8.737544084317301,28.604168379553098,29.911157635344075,5.467937403299162,-6.517349641460677,-29.367832299660666,-15.72325902810357,-28.12551490332566,-17.725312091423852,-4.761090423963163,-24.0288522176174,-4.19948158008855,4.516659406427789,-12.711229767132345,9.545291786403903,-37.946576638612676,-2.9172738790347164,4.981974880181671,-0.6426303280742431,5.53709895198256,-2.641699577893391,-1.2138413319884513,1.130507514546596,1.1950538307796008,0.9695256263384804,1.0844727330725088,2.2818050031246586,0.1198121855113772,-1.3515632765751182,2.3804833517520203,853.3009198180177,0.24822628520914677,1.670689307153225,0.0022511444985866547,-5.818049520556511e-07,125.08274841308594,0.12910126149654388,0.09081413596868515,0.5715970993041992,0.3375885784626007,197.50254343000015,2976.921040554375,0.9377831791489827
-439.1359467744004,82.08822298821588,52.05321425160401,47.443647465608976,12.438792950641304,26.184240319867264,-6.993121412241328,-21.97360629746148,14.211929813995223,-18.29897638138601,-11.374345700278397,-2.7711494661789144,-17.44110848299529,-0.187338757133803,-5.886791547486499,-11.315533819468309,3.2193136854876014,-41.02128070288922,-1.1235370192622585,3.856004967960504,-1.7031214262972358,5.107055526087643,-4.881455252280197,-0.8141154631826343,1.6548723722456404,2.1101896127402453,2.034166237562671,0.437013626028162,4.017889529644535,0.5316614883812235,-2.07380466305254,2.6931309939344343,1557.0892001859952,0.22111573582895902,0.10401168186217546,0.015625588595867157,-6.924360851400512e-07,3840.69287109375,1.0,0.0,0.0,0.0,0.0,2002.9937744140625,1.0
-390.66228330265625,43.50920964655651,-14.908543741029224,43.5931569417465,-12.31930153917018,30.011982852981955,1.1888099051875214,-23.128628728835306,-20.482391508201275,-34.18021562316862,-2.126376552727386,-5.039729913468125,-26.595576457229157,5.721775929592582,-3.864831792218096,-10.607706140525572,1.7536633464894358,-38.625744612704324,-0.4995362392799305,2.070496540279659,-2.677097131730756,2.405074958365585,-5.442687681892245,-0.5309854046848481,2.597128363562915,2.4456827568330786,1.6281061180317633,0.5889525772580396,4.560180705570205,1.6068157970208343,-0.700156164359452,2.824418667979857,2603.4552146192254,0.24289654381845385,0.9120548414066434,0.08985137939453125,-1.840194726681556e-08,3892.287841796875,1.0,0.0,0.0,0.0,0.0,2234.970458984375,1.0
-321.7590029890143,-65.4194341275182,22.301706774127588,25.496972422793206,-13.301799536324099,18.70339716291995,-12.523441603236286,-30.03213274484527,-2.4623888506403224,-22.11960075194962,-17.89813305333263,-13.16092470918482,-25.382382337092224,-8.132455929708623,-2.154128201661174,13.767850487266273,1.003903476772165,-32.28240724767567,-0.5183657048461198,0.3189293160807654,-3.3261465169110154,-1.8216743342021564,-4.001696397315081,1.0724819110233035,3.8772730096063905,1.8462074215976085,1.2333467882366875,0.470296770865839,3.93336142854756,1.6337138008135563,-0.26828780906752625,1.40573621077102,4375.239228850114,0.21288348796806275,1.5121112866327167,0.169952854514122,1.500796300502244e-07,3897.281982421875,1.0,0.0,0.0,0.0,0.0,2189.059326171875,1.0
-340.83664200296954,-88.31010019207216,23.737170497679863,32.69139917465965,-12.635937967399345,15.729293017396394,-7.115894020746609,-17.607293888042882,8.5651637760722,-17.92603074807102,-16.821562398663612,4.387697995278378,1.372165435220737,0.1308151752283493,-4.695042761075982,8.157461027034536,2.89446875235722,-11.518999700199757,-0.0017810950362937283,0.02403416357524274,-3.073360762391908,-4.929157188450636,-2.634775608559999,2.0720171721604737,3.139938694680244,0.4668853742707607,0.9847227069590495,0.9323730165405331,2.8218034277025854,0.6583517082008955,-0.7593166805348477,0.1948907381885741,4586.059736169409,0.21691636139673476,0.8950629755854607,0.1730235517024994,8.919516089387958e-08,3850.929931640625,0.0,1.0,0.0,0.0,10.394135882057753,2304.0748582585675,0.9955090623774302
-326.5361803757881,-71.3169131186869,8.491687571185722,22.929214492810978,-13.963889481432702,6.696542817256075,-15.147167127340168,-19.7653306918142,-5.434726681745397,-23.701839216056563,-11.19458666669445,3.9201850750527716,6.848637011981789,3.4159303620858528,-3.7269867943879693,0.17117800445756504,4.111076079821831,10.305188471635214,-1.8695808923670887,0.7642292512354961,0.6471549515630912,-6.771640443057803,-2.3686110031924135,3.0335377911657897,1.8530051883841634,0.2752390892276949,1.2602820547256357,-1.2472437026203957,0.405444531037767,1.0695450803764055,0.33180489758775156,-1.0627678290466467,4482.813400693703,0.23257679038365134,0.5846045548096299,0.277065247297287,1.2132420683469077e-07,3828.496337890625,0.0,1.0,0.0,0.0,10.719117689386849,2930.7183823106134,0.9963558234062813
-330.4896656620214,-57.393445607422436,5.615898704674717,25.838354061768413,-12.75570242657583,-7.605736357611878,-15.083825333154172,-29.070791150843277,0.5774804479367246,-25.40673043013964,-10.409375269190082,9.1273254830016,6.800582196854648,16.651283274836015,3.375307092157762,-3.1013308702758677,-5.9765979924037955,27.798968398786354,1.273856853603297,2.6706003694988434,3.492898943773967,-7.364385742127614,-0.7739025005164331,3.9414309859964596,1.8594401606514506,1.189778202775026,1.6551038340588973,-3.4471687644804625,-1.3905513142815358,1.645407407895966,0.9658923773879188,-1.8935829629038663,4287.231536651476,0.24621887899244382,0.3206985592842102,0.22418618202209473,5.172454965807714e-08,3752.882080078125,0.0,1.0,0.0,0.0,1.3495452521055995,4108.452212560394,0.9996716276522243
-368.40844063566516,-46.65809030312295,-1.8317028059929918,32.66427765714123,-7.798788344714188,-17.218994020614474,-16.745545708866402,-9.93755873676259,18.852396654318234,-20.279932305247065,-7.010472989948118,-3.018417486769358,-6.364609112910557,0.49959231922298564,-5.797066418029961,-17.25763987851213,-6.277540342452641,38.18601701388871,-1.8505087664868378,4.286353359815307,3.7997856893315007,-6.3972838981665285,-0.05000288188772034,2.5735795847329226,1.1844874768730649,0.03572143233700184,2.3840876598666134,-3.60172027529155,-2.0168028472977095,1.4852416040472578,0.8224305822560474,-2.5538245800415336,4106.1929826712,0.2894447700526156,0.8038391144946218,0.2179775983095169,-3.159488918493689e-07,94.0867919921875,0.042645737528800964,0.09034211188554764,0.6511144042015076,0.2585435211658478,3696.9606374399596,2654.9368234975404,0.4179753907906581
-350.6623316412536,119.1930714217264,24.839710861219544,49.56854911201716,-0.6273448990379435,-14.106421476386174,-29.932416547195032,-6.910229690031521,18.108619741565075,-23.627700326856214,-3.7617632582140184,-1.9438493047065994,-14.765009493952586,-3.19125450991305,-10.167239442693559,-5.685308664443541,0.7945944318272629,38.380971910913466,-3.542707558285919,3.8728718765279635,4.2813621184356885,-6.830488242135867,0.3836003811486214,0.2874252653482149,1.0885344931866028,0.448070745862467,1.5278122674632169,-3.165793143258573,-3.3346817394245654,0.26940551102891475,0.20264940292818936,-1.779037091672998,1146.9481171639927,0.18188477976169345,2.523034904152155,0.008753405883908272,-8.332408137644474e-07,94.01039123535156,0.016716256737709045,0.06744617968797684,0.5925388336181641,0.3400149345397949,6228.524446061783,2805.0683273757168,0.31051525098892857
-386.73179458503654,162.79331817300655,10.79533265272269,52.55515076748722,10.655585262977656,-18.506610143454377,-15.078331739923655,4.184248602581268,4.403277281987489,-21.134435818039016,1.7095483356604693,-30.05787594519453,-31.09835654238553,14.094469128773778,3.6209692990623275,-12.621406205012718,7.407384642112341,32.01028961277992,-4.141225322753142,2.939341987309132,4.609119983089062,-5.559642858045958,0.5888836470013714,-1.02048983628757,1.6750646987614535,1.2517121923087993,0.5280250685793207,-1.3714073156985493,-2.464061763675384,-0.03651096029662937,-0.8005627070627122,-1.6623319460569477,709.3728785412775,0.1343342648856752,2.8095909245312214,0.0008735861047171056,-8.886546140766673e-07,95.3460922241211,0.12209848314523697,0.07304561138153076,0.5677698850631714,0.35918453335762024,7843.749111339162,2876.5497167858384,0.26832738181132887
-416.2007496075852,179.41787989216792,14.858667066598745,52.48618796594731,14.560572199602662,-31.649556342792565,3.304295908562329,2.5250749627730746,-8.58354751466273,-15.077058220285961,0.4184919269998608,-39.17412366321974,-31.794966521672457,16.12281260745668,9.545848989777344,-7.940918748392845,11.477176954934134,25.141070787479023,-5.82210453613056,1.015945437770769,4.006211012200612,-2.919633943939206,0.3639817033292725,-2.9686427748373863,1.101314414886598,0.6438070185057125,1.0075250761002332,-0.765169206788078,-1.2984904941162712,0.0488097801798309,-1.1685091742481666,-1.7270907483896139,604.7630850529458,0.2153625164893682,4.052216506563127,0.0003724361304193735,-8.55733655388076e-07,94.16650390625,0.09432122856378555,0.0610431507229805,0.49885624647140503,0.44010064005851746,8227.980197170515,3181.4641387669853,0.27884479253262145
-324.25805382290986,145.3730911144982,-4.754822729768827,54.20066432665675,7.955776424307242,-27.494976529387436,-17.410897168731836,-24.04264562436409,18.86466996523331,-25.44896788756302,-3.1808294035025213,-14.758538387633752,-6.394181379002486,1.7735351196722953,-0.7866796939727807,-5.423446828509123,5.2178462520181235,16.295860197788564,-3.891293196393572,0.15592020718903052,3.799088670971873,-1.1991902098883889,0.5326816539399761,-2.5367097858127665,-1.7997286105573096,0.8158615196175646,0.5249095488670401,-0.7607418989475072,-0.07770113518733512,1.4248574675049155,0.12474153522026643,-1.2486366563302234,915.1096443263897,0.15891151586052302,4.9273556945845485,0.0023953646887093782,-7.814580274069967e-07,94.21192932128906,0.0318591371178627,0.05927253141999245,0.4931406080722809,0.4475867748260498,7658.165735522232,3740.0754754152676,0.32812741950278906
-283.18993998009455,154.1184604279133,-27.24670319653393,49.03425471751881,16.8730136648188,-48.74057708135864,-9.274954885567482,-29.41631360005139,14.861427513019624,-14.84583328323303,-7.508635263606434,1.8204326311316563,-13.23473564627722,2.2692104037742067,-9.300311920547399,-13.071391202651775,-1.8591168771223554,4.856108830354608,-2.5861660972843916,-0.8168091673001212,2.742541731450886,-0.7410151604581843,0.5761324302208446,-0.6109087706266317,-2.774602339950662,1.6848869230815158,0.7310328661569113,-1.1200600594239858,0.4223107488287343,0.19639869688349185,0.8707170020730013,-1.4345169234862638,1090.582528765784,0.18543707221393724,4.132051557302475,0.003924692049622536,-7.340131556051783e-07,94.08860778808594,0.07286188006401062,0.06382223963737488,0.49732106924057007,0.4388566315174103,7079.766511369719,3523.0459886302806,0.33227466661607763
-256.59079392034295,139.13170872008894,-25.022919933661782,38.124815762394846,21.27711153718637,-36.323194539635125,-18.647067642016243,-30.11981911862206,15.645188659463642,-12.399971927089123,-8.409651231718644,4.006874018537479,-10.81352567082413,8.189332431365681,-13.662178610946098,-22.639449941128895,-3.185885002937404,2.401336475542367,-1.1085974417613538,-0.40650735397588733,0.9105239904469457,1.4404005585808415,1.0695111224553582,-0.8616100760593974,-3.219405589724669,2.123958226425857,0.08345926750986926,-0.2176122374777249,0.7728715699515635,-1.6130593289961703,0.7550445667264671,-0.7862866363337832,1241.1483180203504,0.1829299479334288,4.373738187365234,0.008882210589945316,-7.559310875791582e-07,94.52857971191406,0.08489444106817245,0.0851152166724205,0.5767009854316711,0.338183730840683,5833.247032288292,3622.669959899208,0.38311143836100364
-291.5498773956124,167.27262919888753,-34.39151061703243,36.837900856846524,17.455310772747133,-17.50792572846497,-17.94354780696444,-40.153971975263175,17.510850610837906,-24.971895940603005,8.848914991128265,-13.326156605109027,-16.281268511137682,11.966125938858198,-7.585047889691932,-23.077783124179273,-6.251360816731999,3.611922421742703,-0.17839721820340448,-1.522623302758363,-0.49117515564098,4.058449833969096,0.39736156016858004,-0.04015768076235271,-3.1258866512738432,2.195133294586394,0.639691910523949,0.2710077010220254,-0.7515907711597768,-1.8231718110500745,1.9313736923556086,-1.2113597621018652,1008.3369409604833,0.1940781113466616,3.295916110277176,0.00296102580614388,-8.691154776676057e-07,95.42787170410156,0.03951723501086235,0.09662365913391113,0.6447198390960693,0.25865644216537476,5114.079452308099,2566.7022859731514,0.3341720118384082
-432.79829027884375,179.87580392335707,12.657784215767833,52.62921777100798,29.736676462616696,-19.474671597149314,-12.817791805360962,2.0819821912774517,-19.17740510165469,-11.458900980411688,-1.5534568626080967,-33.173829551134006,-21.175405032461278,16.920387894842946,7.490527128108217,-16.65119389704085,-15.54208509585466,6.158090402723003,2.5235239318826013,-2.6048732164364328,-1.2251061384293187,5.570621546634958,2.5525510162313254,1.6167538153130099,-4.60452414999106,2.571684056169755,1.3524273249894891,0.08954879184307879,-2.3631755845573235,-1.637521552784789,2.8437245071040578,-0.8347140707386996,539.6222233189292,0.19535503949727692,2.8156643388792872,0.0002850073797162622,-9.034431937184563e-07,96.67201232910156,0.016353076323866844,0.1120104044675827,0.6702659130096436,0.2177238166332245,4053.6722602493187,2061.8438530319313,0.3371496068098264
-423.2414641093617,186.85581050952516,14.342493872458657,49.10396704549065,21.42225960820404,-29.359363597589613,-12.052870568719898,8.361655401629497,-18.06723230627112,-3.9258777388139294,6.742977557830901,-34.02312162220995,-22.524574826276744,-1.8903191248366544,11.775670385595014,-12.308288781668233,-18.741028206936786,2.520738545488768,3.256408248075689,-3.3240357164831345,-2.918997639943476,6.4649338170306105,3.053980597882528,3.263018790710537,-3.081294454301038,2.39919716230545,2.365227092861838,1.3814885715368754,-0.8268609425975084,-1.3421744088853846,2.3346363812554225,0.9220193228770373,550.6462376526542,0.11898883412082178,3.0521504702046514,0.0003023561730515212,-9.042659170355465e-07,95.93352508544922,0.09053081274032593,0.1386294811964035,0.6278955340385437,0.23347492516040802,2355.820314029644,2380.920896907856,0.5026495624059272
-372.8794311709188,172.69501874595113,-12.366600695736253,52.82901789118387,8.13115526709399,-10.436561627986459,12.352805503532188,-23.49523718146984,-18.416361211186803,-2.1019655719883668,-6.685000708945661,-24.191018147307446,-18.305831721714352,-6.589227278305095,8.706852334341711,-13.024706710415181,-13.737713319892478,-1.2106225617087105,2.0066831745874363,-3.60114700137752,-4.9195966997091505,4.521573465988802,2.949185396016379,2.291658148552636,-1.302950313943359,2.1777683328109063,1.8151333770368134,3.2718397894494586,0.12015626047339246,-1.1830529259232512,1.537800213260663,1.7272901568348331,699.8198722395198,0.1452145229980446,2.838147855363786,0.0008347609546035528,-8.577736588114217e-07,94.86494445800781,0.0889187902212143,0.1378173977136612,0.5006533861160278,0.3615289628505707,1184.2671826885587,1914.9994188739413,0.6178879280370689
-359.42749269329966,186.5505716530958,-12.323232303830464,27.01461658503733,2.6718965298477024,2.5306425131871624,-13.126418810694604,-25.42728140914824,-2.341095551530315,-5.355556047049956,3.8021440609451407,-0.8176953090454078,-26.899700901626154,-5.055691861375276,15.570137766040805,-22.28898549000506,-2.964292186993886,-7.961241802810326,-0.2237587745692886,-5.894904319958094,-6.672046189519044,2.6663958197328745,2.3967905062513517,1.364868908169865,-0.07285028729380366,0.9963043242412962,0.019809249539666868,5.748270552257902,2.1375979122110778,-0.09751410128655487,-0.10088338424501106,2.093310542841007,703.9384820354977,0.1383763683206785,1.5618843771517277,0.0009495296981185675,-8.66074421386313e-07,90.3687515258789,0.1104942187666893,0.1426076889038086,0.3797912895679474,0.47760093212127686,403.43473672069695,1227.899980076178,0.7526965296779554
-409.1439504221006,191.74291339586586,3.3937723376070448,21.223677067915826,5.811263125277757,7.630474985684383,6.793360136248023,-18.224310350645595,-11.376004321617621,-4.401922700151662,8.28665507486398,7.836476782342926,-26.286111601620746,-6.442220352478317,7.191655606181275,-18.530707375059272,10.620993238961352,-11.8905156211485,-4.519782809125179,-8.178331616816145,-7.397133626001194,3.190312047749543,2.9769138053673694,-0.6626686189567231,2.433274429918417,1.39845262506549,0.21413904793466654,5.745371304260569,1.1611085593191346,0.8632958242788604,-1.5476868633326804,1.0836193771710172,622.3248213142142,0.12717340023171966,0.2896829294040799,0.0009301017271354795,-8.624679884109354e-07,76.35917663574219,0.16378119587898254,0.14303334057331085,0.2090277373790741,0.6479388475418091,333.1054611682327,747.9339675427047,0.6918655764800019
-430.9314028359656,144.62736017065947,-4.491141607575195,16.711265096991696,-2.519477205071477,2.98936641699407,8.753219423614027,9.638296244753654,-1.3563824571178373,2.996183432263259,19.253812826060113,11.170625632342244,-9.441387469584875,7.498571551780193,-1.8028159939863464,-3.6236788977919603,11.460682685953786,-12.933479112689627,-4.323400199607241,-8.611840824087817,-6.517216639967563,4.919657817042331,2.917321641181926,0.20863895856952452,2.00303469815072,1.6960211566766548,-0.7423257250138234,3.945319936640458,0.6775088914283678,1.974328794260357,-1.9955641877162624,0.17950502011950142,1008.4179809523753,0.17676739731140828,0.1769701912999153,0.007847164757549763,-7.507989487182312e-07,74.85684204101562,0.08449918776750565,0.0,0.0712217167019844,0.928778350353241,220.9048829949246,1098.0082029425753,0.8325099012586544
-385.9010124208522,132.09907704348228,-6.0495115887905015,20.427695528282598,-20.88545053682836,-5.3976364780084385,-3.9690510350152337,-14.488767581689181,2.419124172576336,-3.8805760276462467,6.828828453120062,5.9053744371612815,-10.491957741470763,6.266851640620713,4.268969582036673,-7.885744842303471,11.669604820103633,-8.31127752844729,-2.793802388004425,-7.754893910980242,-5.862688554454976,4.311907581262399,1.123999547501488,1.5700652474267693,1.1781611641684389,0.8709137892508824,-0.7052480816902588,2.0900963887962947,0.18608309484975222,1.3860980848407545,-1.8701090025329887,-0.9456006140915759,1256.92655337989,0.19215936700254482,0.19256775919348001,0.01634185016155243,-6.606450996883957e-07,113.6435317993164,0.18660199642181396,0.11750435829162598,0.23614653944969177,0.6463488936424255,812.2410788984055,1876.3621925859695,0.6978947814602755
-358.2761194179169,100.03879882359294,-18.240695900471902,-3.3368360804143364,-32.10794537836288,-8.76088893253707,2.3585705547006146,-9.20892815225837,-9.89481480121136,-18.59711609505542,-7.13899183263987,12.984751327849317,3.223590995416254,13.762369540461432,0.4859118780173529,-1.2180165483943326,10.402625400277127,-3.330804569996929,-1.8591048059522213,-5.8768101838652225,-4.91677541599033,3.7281560600602375,1.9287818628948257,-0.10396480065878395,-1.0402902382913635,-0.5936546493795569,-0.9061482985397566,1.0956008771853754,-0.5046022876465601,0.5654650779500524,-1.7063586368068733,-2.23106925150748,1647.7948852101692,0.2145559085564499,0.4791000643745065,0.039407067000865936,-5.564378320761364e-07,114.01071166992188,0.10144343227148056,0.12848417460918427,0.2714638113975525,0.600051999092102,898.988706911327,1973.089906369923,0.6869902158129775
-297.8206320523739,97.4096020924223,-35.8181328189486,-11.938655083343363,-25.266527851785014,10.297009569363679,23.718353143280737,-7.949738641023302,0.5284772528420449,19.322687520752414,1.4502741269533734,-0.2944412273512136,-31.341416357076135,8.563703447300512,-0.6952771250394303,-15.950414996540154,-0.25772170903777925,-1.2898521870637563,1.5727807309152897,-4.16316204679035,-2.4399872420963002,3.318395474196849,-0.6438971975684166,-1.2860124645444981,-0.9640962295222957,-1.464971365880091,0.07275274042042768,0.4536453958382604,-0.6687340292196624,-1.070865366704204,-2.292467307394146,-1.8951020516753185,1716.8708165403586,0.19693626659910118,1.0483563588932157,0.03287126123905182,-5.948394119745185e-07,112.75334167480469,0.07141630351543427,0.13823482394218445,0.28187015652656555,0.57989501953125,934.6434479324589,1809.606552067541,0.659417528311029
-314.0117442969671,107.4845318121748,-27.60030724932058,-16.12316886729702,-27.223628282518312,37.78811884881803,18.130901429315777,-9.210946445846584,-1.9022631807399295,11.93639314765668,-4.658339842072236,0.8157970052777794,-21.595437391888595,3.7736160456713703,-2.8334108855651823,-20.618157369276304,-1.35281824827806,-0.7579132158928166,1.0325755849400795,-4.687080462075974,-0.5228418196331677,3.9500134599169447,-1.8097352160338325,-2.3860833603247027,-2.056303167634429,-1.8936383192013326,0.6389796957827921,-0.5409353343306653,-1.3710991284380358,-1.6749516783997125,-1.9349498253754804,-0.6972789528697745,1602.52807182369,0.17461608252392077,1.9699163008481264,0.02342396229505539,-7.24933301168885e-07,111.67894744873047,0.030937254428863525,0.13436399400234222,0.2900887727737427,0.5755472183227539,878.3959550391098,1775.0249433983902,0.6689571731509448
-305.72265020598934,165.639181688421,-19.772489155183028,-9.54786031428786,-34.45151690860188,29.40324138476948,-1.0940257502412944,-12.531989448102685,-4.890700727959466,-8.471200857877484,-0.9019673684062053,9.547236029864878,-20.131375169793827,-1.4886483330384956,-2.1708368173391905,-30.353398788944354,-4.515512115894585,2.837738270744084,1.8604351200005318,-2.7596879179711427,3.5160647458554353,2.3260994715468546,-3.532489538684702,-2.261836801915931,-2.2114870557008435,-1.8278671795063826,1.9468102959344233,0.022995685900254914,-1.4814638440817132,-1.9933115240937653,-0.636785459491347,0.5214107624123511,1044.1093765058213,0.15290311780654334,1.6755169965326786,0.004549207165837288,-7.994840225979816e-07,112.00747680664062,0.21499532461166382,0.1148500144481659,0.3510090708732605,0.5341410636901855,932.3500265923437,3500.978586688906,0.7896952588176671
-361.4340112128451,183.41008480073288,-3.8383701451090033,-13.550078501237362,-27.435304817134913,20.800370887021877,10.110156500169893,-23.46612998580353,-22.063824729399762,-21.47933791424532,10.402101330909286,21.060616642754113,-27.795397925141536,0.9993700946801048,-1.2470133458634978,-36.3745989279021,0.038336327170031215,6.474066960920739,0.41962150289219935,-0.08396201800815481,4.000115908798271,-0.1132117132830536,-6.173509180722968,-2.3463694004831597,-2.049409625422559,-0.48399025576409704,1.0723921060712511,0.7442647585612787,-2.1324376805836107,-1.7351109888496,1.298663268829125,0.06993074285452161,923.9091676596219,0.1455200617648501,0.13598540611565113,0.002383236540481448,-7.807112313925285e-07,1078.60107421875,0.0014384895330294967,0.7001848816871643,0.2998151481151581,0.0,28.221515414349042,8138.980633023151,0.996544530807316
-516.2880946626766,124.67660154773964,35.69729632489518,-0.3433848172617022,-6.539720885193541,15.010462869388508,-9.263395995735888,-13.664062139291367,-8.650091515090566,-13.357917074033992,19.26196471565474,8.444972246399013,-11.527148387260436,-11.255861399689184,-23.562472100239482,-6.310185949065497,5.718056104733449,6.323171345762052,-1.413653028039983,1.0376507463149354,3.879346617227687,-3.6101862929855795,-7.558501882515572,-1.7297447734668654,-2.2617699787879837,-0.389020078547532,-0.7997767920330511,1.5508195372234912,-1.014762352604383,-0.6825469739113041,2.3272235175290095,-0.22870442204106445,1191.2120170573567,0.22175217785320558,0.35699726454913616,0.009739951230585575,-7.725995754671188e-07,116.77764129638672,0.05467621609568596,0.07380907237529755,0.36067527532577515,0.5655157566070557,3799.0454689272115,9298.865663885288,0.7099502790632045
-349.8789144429003,80.08248066650455,-31.525187562361115,-33.50770905684203,-21.161474754704873,27.37630594156959,-12.094748345707096,-18.49731962337281,-16.45971874658951,-9.910802566713485,11.331169857966295,-5.346454711302457,-16.524497248354827,4.410918823992354,-8.718129577896057,5.9145047770878865,14.780931002521147,4.102215274872179,-4.2095739104823195,2.1630940762192767,4.723893573262942,-5.9762711147665994,-7.197616438319981,-1.1030956022209946,-1.0517924901446585,1.7173777553201877,-2.4298865313597147,1.2527608907474836,-1.140980253325271,0.5692836361671165,2.562734273455299,-1.0155140325676777,1998.689878298319,0.21047510311691256,1.660104532726109,0.07530010491609573,-5.830653578275501e-07,116.95896911621094,0.16715973615646362,0.08450720459222794,0.391929566860199,0.5235632061958313,4036.062208202089,14007.61943242291,0.7763171458803079
-338.8422998564126,157.01750174766164,-9.877814890340423,-4.7803762335195135,14.33518333361806,4.281169780051002,-27.62034413818518,-35.029068372969036,-16.19982893277143,-13.119083803629723,9.507406036585712,10.567802608784739,-26.259993071462766,-6.015889272191286,12.657216884276139,-6.294978534310754,20.906381366585315,1.0666418734460401,-5.942876209715626,3.970879715850174,5.103745577152733,-6.148462314848384,-6.541721348880575,0.23465503702284152,-0.3336670953341479,2.9510708638926633,-4.28673573871557,0.5447998572547021,-0.026514991124093112,0.857824649975749,2.377935644949023,-1.2238278698461138,957.2209093664545,0.14453221435257774,6.276756774634123,0.004196305759251118,-8.136895313520911e-07,114.97957611083984,0.11577611416578293,0.09998952597379684,0.376377135515213,0.5236333608627319,4559.325821124117,17980.30699137588,0.7977196053257969
-256.359877470199,176.38554910398,-43.30661801704433,-3.573824267388577,-11.816515905199951,2.8569162926711034,-34.58487674615935,-19.168767098986176,-19.871154063632062,10.619635472993945,-10.131697044829869,19.358731633323117,-37.26056844494816,0.7935511248384699,18.241758570358062,-26.687767035400377,25.569831323145912,0.9094868723634658,-6.09584403346764,6.858572454076553,4.559672730678572,-6.602627038851491,-5.495632589013629,0.7951477124034598,0.18933661998672077,1.1985106008809914,-5.07503755662682,-0.3224498084501486,1.056365119720372,0.5838989734666048,1.99317410828585,-0.9476527007364615,997.8782017706786,0.17767761811213623,11.217524027451873,0.0023232516832649708,-7.778940803894624e-07,110.6147232055664,0.08572054654359818,0.0874532088637352,0.34125590324401855,0.5712908506393433,4157.609826416085,20540.624548583917,0.8316636823794785
-241.61763996872287,170.72415031393592,-43.2688279418638,-3.1802367400336773,-4.593470513075978,-6.740330869587488,-31.307956057405285,-16.421207881346078,-15.66786666010518,13.906762234529648,-11.878313685734378,15.152135409021355,-34.567419574709405,1.9712808165039588,12.86045075315374,-37.43026013112737,24.81177890362501,1.6244930728665967,-3.8389949076574843,8.756492333953974,4.020176967205322,-7.0638859782597105,-2.4593379595806,0.4963608786543282,-0.7287254339431851,-1.2751183093099123,-5.133611170628548,0.03725005461771411,0.733962783930862,0.8245196366821413,1.404874608187081,-1.3563011638871143,1043.1629833220238,0.1577911374807473,10.967422096058726,0.0029250700026750565,-7.826597311336655e-07,105.18163299560547,0.12281206995248795,0.07857193052768707,0.4033777415752411,0.518050491809845,4743.586611081181,19491.16143579382,0.8042650741857887
-237.2750525099889,160.63107726451722,-41.99376007676822,7.668645332441537,8.213120009110991,-13.09421811240344,-40.23614375633398,-19.647896539218216,-8.80517706226415,4.804392146933432,-20.168839216834975,15.723770746241744,-19.467311457127074,8.510840179067618,5.534829334154908,-35.39043965109375,7.4288508459859095,-1.3582254856564653,2.39308445002778,11.550519232607998,4.300754425662081,-7.176852115503521,0.1984585607777966,1.3046737302577656,-0.93854220409313,-3.0982187594082973,-4.02155416021407,-0.43622318246183495,1.5190878009900604,-0.11942386675672212,-1.307949467249571,0.20313533616928178,1077.7633556968492,0.20239984727672622,9.185423482209444,0.0038319535087794065,-7.746801375292192e-07,100.9370346069336,0.05831484496593475,0.07493626326322556,0.5130683779716492,0.4119952917098999,9076.0171866163,13105.4535165087,0.5908288810922875
-245.96113532450414,151.62352394980633,-37.87067010512267,28.036247312228177,12.058983230569648,-20.39750730667464,-44.81530866012422,-10.329404237768353,-15.47794650655545,-2.682884609580292,-21.33894211193794,12.19199014360212,-10.071011494793245,0.03588966999899845,3.4603823831221927,-25.73833125008931,-3.000211803725081,-8.752371080524236,4.145754637703162,11.244309130513447,3.70162962928954,-4.170127272898483,3.5374681676338997,2.1469539171721626,-1.3397227923109318,-4.715832836062807,-3.182544202945273,-2.79909909105198,1.9406248969776514,-0.1705606373357259,-2.450136271904205,2.458009582183247,1078.9076938636451,0.15130878226423214,8.536950842477381,0.003991175442934036,-7.732312487115502e-07,98.61402130126953,0.10046889632940292,0.07852020114660263,0.5575218200683594,0.3639579117298126,8228.75386805709,10378.64652256791,0.5577698283848936
-261.239856807664,133.14123564405992,-26.518016304525787,47.055572144780264,17.055624135986825,-28.692419874306957,-30.6677971516248,-18.116584390876934,-18.063145596329534,-25.622012115734037,-14.17634742981782,1.7324101642682952,-9.493760068488573,-2.757711805298406,1.2061694926581006,-7.581987849886176,-14.452219966918875,-13.90450695590818,10.69569712783248,10.745500557140968,3.8450049335822114,-0.4310606544134288,3.8224336259932508,1.5744097978707106,-0.04497339492193961,-6.152373268582926,-0.8568286607677539,-4.530698947682071,2.5711140233358973,-0.8780110164033287,-1.7257956419204512,4.735739609965472,1089.2909240067336,0.16509617535678564,8.757522268220782,0.004435606300830841,-7.546449442282022e-07,96.93157958984375,0.09169680625200272,0.07147078216075897,0.6843818426132202,0.244147390127182,7353.983674867506,6582.871793882494,0.47233551417986497
-261.8024928407355,115.88553826636542,-11.974792611021474,51.36261011799977,21.230800527813976,-32.569160297968246,-22.213379771493425,-18.73425009139069,-21.50583835038329,-24.465573317426845,-20.679105260672266,3.791220863348313,-18.333564548487235,1.5331943878585748,-2.157427720721122,-4.634989425329037,-30.00922740766259,-12.429386766975762,14.398911051615743,9.435615847769295,2.854869551520762,1.784384905307736,3.426556111548594,1.613713601445701,0.2716275508713818,-4.4422097235695714,1.024217587973355,-5.1013375171056925,1.2951354214355115,-1.985957160629388,-0.63400740598419,5.832912800939382,1165.0467511202805,0.22418691254758932,7.019725662656128,0.005086912773549557,-7.374053519441371e-07,95.82899475097656,0.04472437873482704,0.06837017834186554,0.7204611301422119,0.21116876602172852,4840.857217672758,4646.428915139742,0.48975321815895423
-292.7001435071917,116.9553843136222,-3.80002783687819,64.52402044948856,19.57894527807459,-33.44976603970793,-11.75479485564651,-13.197369645639146,-27.509829016816262,-25.605981317098603,-21.96477677325639,2.745830911729564,-19.69050783394442,-0.7827726707011937,-6.3585765015338005,-4.759328825125799,-36.074352089527295,-17.333826796261935,15.178821560400117,4.5666865025021925,-1.121484340944321,3.937932435562348,2.9544992457797146,0.8957053255022662,0.17753209413554344,-3.2503741058194846,1.5302019841054992,-5.0001941989458825,0.4002875391888973,-2.346583022469317,-0.5687625662787599,5.032011869707516,1097.3815302148673,0.2011841193656594,3.3319006888195872,0.003892794018611312,-7.641487220912763e-07,93.7500991821289,0.033071864396333694,0.09723317623138428,0.7867962121963501,0.11597083508968353,1872.918028322334,2926.000916990166,0.6097208455350621
-340.5066498741192,104.59632556146605,3.16260843160061,75.69272205442289,31.1902703333413,-14.2267624094757,1.3797421643054397,-6.529614637459896,-25.333186623891855,-29.894594910357284,-26.453674370558822,-9.78071079746991,-20.938480435321523,-4.355874775158227,2.946528306943609,-9.220911762469061,-30.932727819371465,-25.032109567581717,14.218362281198104,1.4290775069552453,-3.8158839917411127,6.499781559842756,2.222042613014189,-0.2833357847282359,1.4335666195754078,-1.34073949233534,1.6270480727190215,-3.368900290961485,0.9160904915116299,-0.36116783203742514,-0.4349508687461239,3.7383925754550473,1107.9031845017503,0.21873380924086205,1.52398481965065,0.0042717414908111095,-7.064777229315453e-07,93.2282943725586,0.07887189090251923,0.11137335747480392,0.7412999868392944,0.14732663333415985,427.5701100224208,1683.4501536494543,0.7974580740031779
-367.30353466727564,48.18615622601747,56.73442612687421,64.19468673391707,11.044885504927372,15.226517342861483,-21.655302695045098,-4.095367047224113,-2.43746607638813,-28.164086788107074,-11.31959687733355,-21.312955689719935,-6.738325997618444,-3.3587671820453058,7.141421220014085,2.599924968413904,-24.337957213949952,-27.364538265737675,8.549953781527357,-1.0039513903379014,-5.93929333875718,6.44739259212902,0.8622246015910366,-0.7713070596882508,2.8199303271575076,0.1642037281944463,1.3992273345101371,-1.7566801905967078,1.0080532317582585,0.2568287691055871,-0.9356102940038283,1.2927752658252594,2146.7597601076704,0.2535751175167274,0.22777951881289482,0.03653448075056076,-5.030222794601892e-07,125.96224212646484,0.049337051808834076,0.0,0.6744688749313354,0.32553115487098694,62.4921151178631,831.0304068547931,0.93006095136819
-539.096860516007,96.17710161495395,72.4725617943669,67.76412047812462,25.909274800965385,-3.1111447886693777,-21.67102116635246,-7.009599465119825,-9.079945722651582,-14.398176967003877,1.3524918444099607,-22.857387236922044,-16.704205936180106,-17.21372363317285,4.293509285633778,12.606283918332382,-13.036251447300009,-17.910741305861507,4.972340909149002,-2.500039195772995,-4.875132797682033,5.468101090866242,-1.0533912867186823,-2.073556240119953,3.1675139431591286,-0.1064090498234245,1.3516697321137479,-0.978579292357122,1.5041565984624483,1.635638586572798,-1.7351528335279496,0.19802223708453132,1002.7859881277741,0.25522767432721016,0.051488216035068035,0.003754380624741316,-7.253201578541852e-07,4075.419189453125,0.0,1.0,0.0,0.0,14.211745771573078,1705.317062822177,0.9917350929507278
-485.8306617711192,-12.491665043026384,57.52056792826079,31.72095271687789,-18.481361918702724,6.464928451820452,-23.68139840220666,-18.763937771479736,-17.796698929752466,-32.536457437872,-14.219117921283917,-18.076443360354673,-9.214590601979964,-11.977900201465593,-7.865069207504354,7.386801193337655,1.9161699576570115,-5.559535480710485,-2.734923344156432,-3.400205517649267,-2.865160811530554,2.537036021279964,-2.1986707879429814,-2.2600779425658906,2.4667490703187824,1.1594499147376411,0.5948801147726209,0.2171106757833261,1.5294068327509798,2.554719015976137,-1.5770042792720904,-1.1470727080702618,3795.2076909340885,0.2327714715828143,0.5342461680993438,0.1495627909898758,1.2039943759101246e-07,3962.26123046875,0.0,1.0,0.0,0.0,11.875984775160987,3583.2065347560892,0.9966966030096274
-384.21091726482786,-87.58691870099767,55.01853524462663,52.85495273631408,-18.73225929781877,23.83312624607933,-14.52052086969583,-22.231751935978984,-6.655319261830031,-22.00231481046628,-10.578236679074877,-4.145873376855361,-0.5917559872353164,11.550971124914756,-2.860919556512245,8.650515479102875,16.265987554800134,7.383256386612682,-9.76564821912081,-3.9836267263298435,-0.6803525667582342,-1.2508827128114246,-2.7596995515227944,-2.3426560529443017,0.7833614698500488,2.5279871698921452,0.09985769695338995,1.6524141034934607,1.2036096118291253,3.4076672139774558,-1.2259300856187085,-2.9742508793614135,4450.105472463717,0.1972164246976593,0.6570239132270217,0.09508954733610153,7.134661931181696e-08,3956.953125,0.0,1.0,0.0,0.0,10.910388428767192,6807.204845946233,0.9983997940701032
-388.2900849064082,-57.89416495153037,3.4985083033873985,49.260728586355924,-21.711078594663647,2.9805024486268588,-11.778079698162896,-24.159783632924196,4.178044725776157,-25.41526649848942,-11.587959828092245,-4.984665768624401,-13.975845253821221,2.393413158379122,-11.883864932243245,-9.68435147026332,27.10189683078748,19.87077378845249,-16.309184904339286,-4.717673897846008,2.315009144471444,-3.908898327913705,-1.6771700565421197,-1.7160625736893727,-0.4540169166298191,3.4033324974180728,-0.08754957984384107,1.9369006705134861,0.5602640799201335,3.295789100808543,-0.1341434488528261,-4.9471678372869725,3887.4028254867885,0.2295650582585587,0.8870658595114946,0.10448472201824188,-1.2958075418081825e-07,88.15535736083984,0.05577107146382332,0.046618200838565826,0.3909616768360138,0.5624202489852905,3655.29694386725,5796.75872019525,0.6132802139787441
-334.169893029508,89.62265807580022,31.011920064154708,44.846809242068545,11.414153138624751,5.290107593757007,-29.54012999659534,-30.09757187240274,-3.2581599776305197,-29.05779256623937,-15.399510572593545,-8.716142804391634,-9.611508579595641,17.886994119458883,-17.385407362000734,-8.103321562224837,31.65837810546509,26.982203301738345,-17.352103635081086,-6.667260411665876,2.5860099209597722,-3.102033951164001,-1.728138979857621,0.029775606519900036,-0.33213468234395227,5.148633615030615,0.7589824386147457,1.9273194732305305,0.8151044135732486,2.5487682911779688,2.164522049681099,-5.756244778984444,1510.1103912353817,0.21516327616400757,3.5251754904165864,0.01525160577148199,-7.540184257488956e-07,87.82219696044922,0.05016707628965378,0.04419305920600891,0.36488252878189087,0.5909246802330017,4030.5085171987485,6491.776639051252,0.6169550190526135
-296.9383724690235,143.77376838497617,-34.729396174461755,47.84964330324853,18.971986575645264,-10.64493853450287,-28.2711891267209,-15.584824447355532,-10.978774963018079,-8.315210038065654,-18.21533429389048,-7.637958371893695,-5.653987093608949,10.7885970382439,-3.4634386522417127,-15.6725317672169,21.540194327872026,36.13894339475825,-15.125149899499233,-6.591960305782078,3.5940402046113,-3.149622491876773,-1.1137312552857621,0.7156180323299995,-0.2064321007154096,6.393852175772814,2.713042362044288,1.522408435671427,-0.24179528304282882,0.4070927783848417,3.53485217665059,-5.104943980023988,1072.9403333726018,0.16105137700047212,5.437135128304362,0.0038844665978103876,-7.79689491068709e-07,86.26652526855469,0.3241513669490814,0.052983902394771576,0.32734382152557373,0.6196722984313965,3435.6750784208352,8417.361054391666,0.7101438787560994
-276.1393361602337,158.28230898814007,-40.48841235788505,35.27081538313519,23.094646029089915,-16.91593088403859,-34.09511154566911,-20.15941471252327,-15.58136169756135,-1.3119348597340847,-12.065794168636437,-5.594313847635458,-6.053625451223687,15.00542305300964,4.355379181856816,-25.507741494988288,13.322980913477867,34.310259058711246,-11.871899503013637,-9.25574258711177,0.7584986626449921,-1.9918767327260045,-0.1882740801055911,0.9455393034734593,-1.2480234396002516,5.7213645002464535,3.190977678426123,1.0411867756312336,-0.7893518081171246,-1.918617179091982,3.716364794562325,-3.824373129379194,1044.0325992255264,0.13530142283640148,4.7254255237057805,0.0030637593008577824,-7.792362644699829e-07,84.73709869384766,0.21786350011825562,0.0570816770195961,0.33771541714668274,0.6052027344703674,3552.446358569472,8830.673758618028,0.7131218687252533
-264.9496261821714,177.23374661471433,-51.05598097754675,11.737247667845098,21.61771689462074,-19.86267984807492,-31.444988114707403,-19.597045894968275,-8.62990964907016,2.7244648317517486,0.6343005944765824,-9.283425811329014,-5.847663768629186,8.946454946955173,6.513173738795216,-27.303947790290948,9.546019941555382,22.929081864989637,-7.892955382459816,-9.165393183238576,-1.7550256866810265,0.34300866112237643,1.2844317941830754,1.4557595062169284,-1.940665336678674,5.701923681079552,3.663839222532446,1.5535780451310077,-0.4958842963408285,-2.470941184695291,3.9029705946500037,-1.7239178888718694,1029.4358055247055,0.1974387722226219,4.344373692758381,0.0031489215325564146,-7.871216369401966e-07,81.7869873046875,0.12052106112241745,0.03214915096759796,0.18210111558437347,0.7857497334480286,5780.184485854321,5191.329186020679,0.47316435464401113
-306.75568428738495,185.26449521902794,-49.06613113177552,-8.112166912722618,3.5408955493377796,-6.115059020366444,-27.85984088471507,-9.118042682824946,-12.684831778258374,21.765431465765474,3.997786898041106,0.8451850859740333,-6.352364665653345,1.4985124391674587,20.264401881940664,-29.14315246742882,3.728088939957531,9.800166358134339,-5.99152819336168,-8.347309763720357,-4.94174838514495,1.4203937057491496,2.9245988138899697,1.0684064619173916,-1.4157187772100917,4.7696835556018415,3.7787627340067327,2.088776826566559,-1.3187419058316838,-3.664554119134918,3.2335673693475653,-1.0011625617708106,962.8505453873914,0.11977572438878967,4.006570142693818,0.00194611307233572,-8.038492222802546e-07,82.28678894042969,0.19915123283863068,0.032362304627895355,0.17603690922260284,0.79160076379776,6932.586729295978,3484.0343644540217,0.3344687622884211
-296.9970401655581,190.22505692712068,-46.140853035949014,-0.2773732090869701,-5.8601459521591455,-1.3451692086970009,-19.41067762468796,-22.630857385343106,-6.886268435756482,9.539185399799447,8.599940514269713,2.385312109757945,-13.474624863497882,-0.8882926390582091,13.180006391931174,-27.681204403918684,-0.907480642793843,5.377624701501538,-1.019917273540869,-6.2695873115405005,-6.441003903171735,3.0098080363784434,3.683494128036823,-0.06953175774152298,-1.0513634298992731,2.9690515929574786,3.0761647205005924,1.7030899316522432,-1.385969423039849,-3.1601380884807955,1.560902872074358,0.24347767496250025,931.9652893384047,0.12800208429333054,3.3609760915860534,0.0019596454221755266,-7.849026511361119e-07,82.19187927246094,0.15568575263023376,0.034800682216882706,0.18185074627399445,0.7833486199378967,5753.396588115054,4403.467669697446,0.43354598012968104
-274.54027806107206,184.79163764163428,-41.70976449733921,-13.320022737533819,-15.96778262512265,5.206247633636908,-11.666878435329409,-18.682066302448632,-12.951316412857372,9.430783036057068,7.734445783136398,1.575147763502373,-14.389101189950779,-6.1122308504190705,12.767591149061856,-21.78967230297299,-6.041950972039235,3.4834732748426176,0.9584157062846669,-2.908037486049189,-6.596295838287535,3.1447217535716145,3.8520291357595013,0.22389753612215996,-1.1229748066682783,2.26477295611698,1.8341838802452979,1.387550166264024,-1.17542357319337,-3.041197779931897,0.7508619808851993,0.5464471511589057,986.3336027169985,0.1181929147782944,5.278949577361345,0.0034199864603579044,-7.808828807827444e-07,81.84429168701172,0.10696659237146378,0.037584610283374786,0.1971903294324875,0.7652249932289124,4593.439430985491,4106.551779952009,0.4720179228214982
-282.13857612934936,184.69413752014435,-52.50440088817312,-9.685791347388694,-10.19550818822824,0.8384247067316046,-11.905614872621204,-10.12234675556665,-20.432453741440348,16.550617715674072,8.595628572347485,3.9790270081920056,-13.845911552615412,-7.456113392530163,11.746966907102436,-18.36516768631921,-11.691480942312538,2.2163200392005904,3.355241906461693,-0.6530634677057712,-3.0096497047599993,3.3227373760307417,2.589286783797129,-0.09795046460794478,-1.3683869583405728,0.19119954535814182,0.685275578159316,1.192985180278347,-0.9313037111403396,-1.587224501596278,-0.3710329957456653,-0.0361229407856382,991.2709421508226,0.12966251269118054,4.506913679651916,0.002292018849402666,-7.932293725592467e-07,81.30368041992188,0.10376901179552078,0.045814018696546555,0.20583468675613403,0.7483512759208679,2757.0559678649297,3704.3698133850703,0.5733053259134455
-282.1360817386348,189.43238469159047,-46.147855216659295,-9.912186946191348,-14.435771526843094,2.293023830386156,-12.168022656495292,-18.148554544927137,-19.154615497645594,16.76305086257593,9.28217833199426,7.40085527320181,-17.174215679735326,-10.380270996266617,13.837484861818112,-22.866003492060976,-18.297877628991092,-1.3256198707050706,4.9146976173623855,1.9826461908246957,0.6029758070485947,3.4586703858943926,2.289304815275444,-0.007190917902798938,-0.5869860215283667,-1.0947757533276834,-0.4104052072103202,0.03062907785143614,-1.2087765417920668,-0.590880881665345,-1.1606014024573668,0.44599497372033514,968.8286283303873,0.1836506033457063,2.7040813248604536,0.0023460795637220144,-7.928819321002968e-07,80.4812240600586,0.05039050802588463,0.05760291963815689,0.2512916326522827,0.6911054253578186,1666.8541729975636,3017.9177996586864,0.6441973733777137
-305.51239951011956,197.46360107154482,-46.89845483679,-0.29343115904435657,-28.71147671994137,6.914587034451108,-3.2820211064384472,-20.48228960397037,-18.101392856609145,18.83491023002994,7.001328427936096,1.3482966831193952,-12.094777744755476,-7.470233759871524,12.09583126796877,-20.30943023807471,-26.630708871223575,-4.401483315144695,7.209699974532637,3.029446657292032,2.6147965378105797,3.257482141100782,1.3780951978148177,1.1662303441463209,-0.46037448362077116,-1.2388088057514484,-1.1192353999292834,0.1929418658935244,-0.4362407234783183,1.1000395800178713,-0.8653207828058788,0.2242160424142231,936.4686007960548,0.1243790952193572,2.236291994340718,0.002016970654949546,-8.091441598118287e-07,77.607666015625,0.16469520330429077,0.07116027921438217,0.3034761846065521,0.6253635287284851,838.0071996384332,1342.3643823928169,0.6156585388726542
-352.3709380282884,194.66080238361928,-29.098572363684703,3.925376763874242,-28.030722237193785,5.42200535340764,-7.159074567604904,-14.748890615332318,-18.700933205816703,21.325157655938078,8.03057542845237,3.5688829572661867,-13.49589638770914,-10.718680209763757,15.003034129523098,-28.024506058850676,-33.33267357210161,-8.131974310563933,7.590453276793882,3.423866192502745,4.144286012351443,4.048294553780754,1.3696957179282416,1.7434740831009,0.8141504042688091,-1.472441270874165,-0.9892509759389478,-0.25435333632390833,-0.6052162578909273,2.8808041385009804,-0.6403216022692959,-0.39673467381714744,881.5933444744891,0.11631089456467679,0.5795731814578176,0.001872579799965024,-8.551074092938036e-07,38.90046310424805,0.07255420833826065,0.0,0.18846505880355835,0.8115350008010864,594.9962379829155,611.258766899897,0.5067409166598904
-399.9537694195105,198.65185799457856,-14.214697876438962,-7.9307920780460375,11.194347272440664,17.92401034129426,-16.070303299416388,-18.05082874477366,-17.485250971886614,-0.5582660022505419,8.301215775010215,5.630659325271491,-14.4532155811175,-1.3410374934220322,5.168318750715553,-32.10158099415912,-35.607591318049884,-10.978229201328663,7.90338778455328,3.704166458772206,5.451750037174288,3.1730817602357293,0.5708591755365305,2.4694041360357164,1.7040428989366174,-1.2484425435082775,-0.35072397778853526,-0.9463410349417054,0.029544701359550396,2.730570681252828,-0.9705496352081782,0.5137554625915537,779.4121355499859,0.11876493109723231,0.3271306501701474,0.001790427602827549,-8.238082994655207e-07,75.6787338256836,0.13578827679157257,0.1465882509946823,0.4086472690105438,0.4447643756866455,115.80377037435406,232.38601844400532,0.6674119285136028
-459.24751595298625,150.93314809901585,-6.997365820645328,16.396800303576995,10.455124675580691,29.68619266374074,-0.43534977494503746,-12.037530063251243,-11.248342023814406,6.398623278858244,-1.6837374422242104,-1.4685741735033389,-24.634455607405435,-4.718387373532164,7.659208995544674,-15.534462903065748,-36.96522632518348,-17.423600200371194,10.33286232930592,2.0211542213009244,5.965259563773987,1.5413383873307653,-0.6807637479943758,2.813298678229126,1.3706292251734196,-1.27938259939371,-0.7149702158105828,-0.5371002705741287,0.5804578514741605,1.9093690380291581,-2.247587921328172,1.750514774838213,937.5587338713862,0.17905178025851867,0.09240261185914278,0.00423394376412034,-7.92019183473671e-07,79.17061614990234,0.12139205634593964,0.19026599824428558,0.415101021528244,0.3946329951286316,44.15539977292301,89.59626343508481,0.6698702751512448
-481.46093409748204,141.3107096966898,12.563175355409372,18.539818807272667,6.248431586725241,19.83206593720014,-6.33278896157898,-7.006479390341532,-16.656138439584364,0.6450882920486203,-0.664845941094971,7.694408471359257,-12.950147711337166,11.593982807364897,7.029418026248081,-20.851538522018387,-37.988186008607684,-18.430685057589592,9.523322829307912,1.3021630051059172,6.2412539579922255,-0.332504419132124,-0.9636114194244121,2.775061058475191,1.7195015447303934,-1.9427872458874542,-0.8958433975940803,-0.08324413139443695,1.136963155641077,1.2474819159416926,-2.3183478093195116,2.849801540373373,1005.1860356727655,0.18162187941607594,0.04263286665081978,0.0069183423183858395,-7.69536762225372e-07,94.6768798828125,0.15303556621074677,0.25355541706085205,0.3400018811225891,0.4064428508281708,17.638463995029817,43.085142114589324,0.7095287133773215
-512.8725535819731,114.30214791629511,-4.399831466212631,5.623609138877571,11.44164862962645,35.23649477410871,2.029672007781902,1.4697669645088949,-7.678469033313455,9.303818890592655,4.999023079474732,-1.6625643159171388,-19.81943851634781,18.449018199194725,11.521944838113212,-26.59364688893233,-35.849728669665645,-17.150719434941426,6.923335902219061,1.4875676043176713,4.4080378887601785,-1.7130267169860285,0.003411300486184571,2.2892361234454937,1.8058940683767186,-1.9504686413755845,-1.4884455420069034,0.11277606856886493,2.2437759255935963,0.23325014129557423,-2.6304841449349396,3.854879820790866,1423.9550860866075,0.19076708035858714,0.01724160648882389,0.018627531826496124,-6.751729991977632e-07,28.323204040527344,0.12623141705989838,0.0,0.42277097702026367,0.5772290825843811,5.683459187354701,14.289826487694128,0.7154469585114566
-528.5066802427381,115.37673634026436,-0.5207186645684949,21.69037760230848,25.071261370506967,11.202261623517826,-14.146545508375844,4.789228908057368,-6.064695109653164,16.244948105297993,12.808800747093784,-5.332215435521911,-8.206499116547874,0.8482984369901312,3.294540301113394,-10.714559846766786,-11.29796480771921,-19.272872612002768,2.9467020554739776,0.6118706459953966,-2.3228033232704277,-3.3111240569987097,-0.7088206462680228,0.5879273571636836,1.4383853594901654,-2.7672736145282513,-2.0131583196383933,-0.4800826250575247,2.3577978820496774,-1.2717132170084489,-2.3774627730957567,4.0108297324338125,1261.2268467096633,0.28344606170548875,0.011438867077231407,0.014139845035970211,-5.770200298688135e-07,57.23270797729492,0.07802960276603699,0.0,0.461399644613266,0.5386002659797668,4.3483937620232025,180.7458445192268,0.9765071360275633
-568.7411671205878,44.15814454261725,55.01793883706523,-3.5494991065234607,16.206361849949175,6.8130850892205865,-21.259837447110634,-5.7731293840397075,-13.34121064958848,5.224614274317169,-2.0406875410176313,6.454521653640586,-8.59755278190437,-5.796238853151474,-12.000095906141123,-7.332374865963088,8.712872700170786,-21.98038658350407,0.6912111302466497,-0.601427668245167,-4.295898535148246,-4.337109677826055,-1.2623056058807813,-0.2482905271381099,1.4304924456437684,-3.80326377097016,-1.4263454281988253,0.4632393097852512,2.8462137347877015,-1.5426095441479877,-2.4974936639780796,3.2852754357165543,3355.648455406966,0.31848438528112943,0.001339716836810112,0.17043903470039368,-3.4955653333630637e-07,116.62103271484375,0.26729506254196167,0.06658732146024704,0.21108078956604004,0.7223318815231323,5.99067283874121,374.5045664190713,0.9842555905550184
-635.3748030011498,84.67562946128984,25.3676310077228,12.72788377134027,24.544431547040187,2.857009776905766,-8.738754579377336,-0.38504773366752487,-2.9314077815663833,-7.359396878774058,-2.8073579253391245,3.4653406059221945,-3.0412006195421206,0.6636446034068433,-2.4558330809167828,-1.0102201043693437,21.910981612268493,-20.4290888713958,-2.8228450526250293,0.06443246558171967,-6.235258991120762,-5.1234262857588275,-1.7870487020441075,-1.462449041620586,1.7296003002078866,-4.213341488341639,-2.0646575769611433,-0.08103989633766806,1.4558150357038149,-1.3768026924263808,-1.770757420996229,3.7418822023653258,1930.6854965461148,0.3019435072293929,0.000770963728427887,0.05767674371600151,-5.155226247151402e-07,3920.74072265625,1.0,0.0,0.0,0.0,0.0,466.2092590332031,1.0
-647.0428307669288,82.75317737677014,17.328040682619054,19.93039394789086,20.495956855129563,4.620859887589253,-0.2408836275594086,0.2591880638149884,-4.129331092501865,-6.1439842583448545,-9.154614049039651,6.179621088459461,2.397367713565405,-5.498092830548453,-7.9727422886501635,-0.1551181016942712,32.69671089155535,-12.660425536776721,-7.087932486612862,2.979526366574267,-6.903515299247342,-5.932745236529959,-1.6165543953885044,-1.4263908067354838,2.076214856984518,-4.919723621467905,-2.264261810852455,0.36416892948178675,0.9954408711389763,-0.19533948584612798,-0.9051297426561669,2.5897479392699694,1816.257061052602,0.27863537451089637,0.15698043536394835,0.04541749507188797,-3.4290873451548303e-07,3876.674560546875,1.0,0.0,0.0,0.0,0.0,638.650634765625,1.0
-337.6526675883541,6.547287817340811,-9.51489232375378,3.796316957965973,-41.517504996515555,2.6495295697964645,-19.823102431353636,-19.954448723817936,-6.695408702958783,-27.63837082779176,-13.461817917208927,-7.221464056734378,-7.120059820608864,-8.305473290720965,-8.146523642928646,1.790379176752614,38.828701404040714,-2.204094683270414,-8.332701865790595,5.251908876267187,-5.623705136428056,-4.656620209213255,-0.015642955837354283,-1.562468940339731,1.2569697596830087,-3.8338712209801673,-1.1740841071916854,0.3044223702755332,-0.047493248746894125,1.2093041620773268,1.1794594379355803,-0.57554073164595,3332.8152457179385,0.2374156265213166,0.41441972460597754,0.27492839097976685,4.843234051391783e-08,3810.790771484375,0.0,1.0,0.0,0.0,3.4489988843058796,1605.9654298266316,0.9978569852346432
-342.60845605018966,-54.25032225452725,2.5933283999381134,13.52024272011492,-22.554347571097253,-5.089419823184553,-9.468868675404732,-4.15205235943741,0.18060655594543928,-15.81275112532708,-2.5003316507556943,10.546438156796327,1.2864567571558052,-0.9132194889201639,-7.2363028033547305,1.1178810293859067,43.93456727845587,10.222622392143984,-11.309254164222642,6.653864164401518,-2.1962539605226916,-4.397842982780531,-0.7682604744936467,-1.6648614985561212,1.2087922629989447,-2.217367255060797,-0.06250077609281164,-0.06342056648564849,-0.7758882026890597,1.532807187612431,2.1522954332651896,-2.4030035895468416,4275.187664706027,0.2298905940873526,0.26415595412254333,0.2829805016517639,-1.6479471082677638e-08,879.7891845703125,0.016964200884103775,0.14682868123054504,0.8531713485717773,0.0,22.435933089812398,3439.3768110508126,0.9935190217530434
-356.3458734778991,6.0546953067931994,-21.10480896537493,16.660887663638125,-29.56147169732721,-21.95047007394379,-26.931073973249525,-13.863091067716606,1.4059462789709125,-18.93379742142576,-11.096402588682428,-1.6645923763393489,-10.234293402744612,9.965970045260153,-0.7495639899461044,6.446264871895908,41.540472435168844,14.852240061071864,-8.803131501719152,6.441855351918264,1.326048985240755,-4.248790944286131,-1.658172468963089,-2.337208440183488,0.06552075830515786,-1.0083035223676058,-0.2752411796745706,-0.17019340859277476,-1.1824105594850383,1.3471227104657901,1.526856988293378,-3.439887763666853,3105.8565467399603,0.23576144662500773,0.25555239524692297,0.19763104617595673,-4.3069199611834097e-07,91.73526763916016,0.12154189497232437,0.06762244552373886,0.3876016139984131,0.5447759032249451,2344.88914942831,3866.78223729044,0.6225027044344384
-339.03938467067024,75.12361444930724,-60.347814988368,47.786642881518716,-15.240692211795857,-22.88701249276454,-15.754644997249276,-1.8550434194564174,12.041864407567388,-22.519550099306535,-8.142564528643435,1.6749952460090132,-7.289269703879018,8.481441996716585,0.018853005675106838,-5.543324106834813,19.418548840292516,17.37360041651075,-1.012629967972158,4.8247480508198874,7.209405184294549,-1.8194305571498197,-1.2572577403208265,-2.030882589720285,0.20532267149399422,-0.7648496802718486,0.5239667496494793,-0.49515847775420985,-0.9687060148235127,1.894106016096529,0.5521103149291411,-2.602262215293786,2100.9159444148586,0.18930552919979465,0.5620950423181057,0.038325075060129166,-5.497587957964563e-07,91.67854309082031,0.07100754231214523,0.07696162164211273,0.3810635507106781,0.5419749021530151,2518.4347133463607,3741.3123569661393,0.597677879783626
-333.9755544603758,132.65255564626335,-12.067033225133336,61.602940116079694,2.11650259913534,-21.5406584750739,-7.106928224434748,-13.744537897638414,-9.493616449655416,-12.250604941115313,2.2548986120385237,4.292027148381322,-6.025836025566653,2.482219174415254,10.934975769475722,-24.73595116170491,-14.91807996465064,21.03461176083935,4.202795891208272,2.8675711590682824,11.526582474133932,-1.417265132482241,-0.41717115667571003,-1.979162566651981,0.013654373921679841,0.6290184101439323,0.211579904862908,-1.1333401083212444,-0.4995144248554918,0.9269935393252813,-0.33439622267055535,-2.9023081743031014,1205.6311715028644,0.1710121465437843,3.188639116473496,0.00835901778191328,-7.854083096372872e-07,90.56708526611328,0.05826441943645477,0.08020243793725967,0.38588225841522217,0.5339153409004211,2331.7400331401095,3771.3322324848905,0.6179399601290282
-285.10051592507335,165.4527153774152,-44.80946845573344,42.457903957712745,14.962815361703075,-20.95237236239065,-24.473740760403363,-21.192157911792986,-0.39860669905459023,-18.355848935949496,-7.872270177772775,5.74629325063798,-12.37552216346571,4.274309785150879,4.396191394634065,-24.052998837379583,-28.588947173582234,17.39927418217486,7.209419698285598,0.5969253738384555,9.700323471713062,-0.2213745156526356,-1.5643574208307613,-2.8230483519899794,-1.3666190678343757,-0.3059712314968089,-0.6389913720796432,-1.5056688863582004,-0.7148461690674783,-0.8490116625963929,-1.4566481608910538,-1.5332757260471743,1051.7664219188798,0.17826542488140693,6.050059221684933,0.0030575385317206383,-7.566528265492046e-07,90.0012435913086,0.0546397939324379,0.06467968225479126,0.3952927589416504,0.5400274991989136,1709.823920431258,3427.670220193742,0.6671871784902416
-286.4552770138777,150.03845878646405,-43.06485336653378,54.990169923339955,24.93960480807057,-25.150438010071063,-20.223341787189007,-23.033872502798857,-6.3128502916316425,-19.342234405928025,-14.345533569059633,-2.301449519464339,-8.10087188630675,5.798671694641892,-0.18421717743894228,-19.75665955432419,-39.38001153641226,6.744277519137018,10.641365742087826,-1.4857472898904738,8.247500181321985,2.0191671331931356,-0.4034515599377243,-1.9034811889390921,-2.3961427713358034,-0.3304546174735639,-1.070272979317876,-0.6712726148987783,-0.33761645833888176,-2.0382034702560885,-2.3578387089031785,-0.6688541786057728,1099.6539584251877,0.1906376034605039,1.970295905135572,0.002659110352396965,-7.623434695817327e-07,87.96150970458984,0.03459177166223526,0.06589573621749878,0.4697173833847046,0.46438688039779663,795.0829250981571,2320.586264354968,0.7448115070144167
-428.50919091033745,94.23782149675013,48.743016437897076,28.20188125424935,52.116127225592365,6.008400585128188,-16.25317061019965,-19.404068464095346,1.6780874810692907,-24.238080993586788,-1.2841821020811295,-4.026849408907209,-5.618738343497599,11.612561752553031,-14.400199452680184,-2.647778341010495,-47.38856800641045,-2.4647647294821415,11.385221843539188,-4.50619436131168,4.441411114532339,3.125793040528902,-0.2769189944355626,-1.5173754924691825,-3.2290785376166613,-0.14639033924186995,-0.6608205645222867,0.36536872442549173,0.6561272534133687,-2.1191925605379365,-2.841305241538822,1.9070024374148054,1513.1446136877155,0.25003420861195236,0.07479626964777708,0.012698830105364323,-4.6829206111984185e-07,89.8252944946289,0.2347557246685028,0.09493155777454376,0.5544204115867615,0.35064807534217834,43.947138215793025,117.36046371291792,0.7275569304215729
-545.4283313314128,116.12619944461053,26.010215583321838,17.96619904448995,40.576960871902514,-25.81648878820154,-22.166535482634835,-28.783205804478918,-0.6441877260197006,-12.720804073026125,-9.643239603300295,-13.990995936870135,-9.229027511273443,-0.6594739037460902,-9.166552499486205,-21.19111801425035,-48.92916110952944,-8.219082132337878,7.03348128313878,-4.512563796766292,0.7226480038493406,3.2565133299814635,0.9425317721774518,0.6240240005930004,-2.0147954468860894,-0.06217047913174968,-0.6132327300295004,0.5019817706423377,1.1103579267439634,-1.6816802646984992,-2.2342597392913937,3.0798004707685003,1299.9194833594327,0.3358371244236371,0.01890332717448473,0.007935109548270702,-7.612911237853787e-07,88.94083404541016,0.08631764352321625,0.054724548012018204,0.5949081182479858,0.3503672778606415,9.396140316162983,17.199379703368265,0.6467021397114012
-596.7759865055787,110.28158306596094,28.602394784917028,32.94071315387251,30.96249480674843,-19.055785177477855,-32.97926765866341,-24.210845413105776,-14.394382034084128,-22.429891795735635,-12.454157638993554,1.7054990262409448,-10.506691912465431,-8.073984474086258,-12.783959368659144,-3.845813481469352,-28.53888816051851,-9.45365988477989,4.192542292866328,-4.3590631889151155,-3.4981820026115176,2.556463176603213,2.894289339599677,1.730541006014672,-1.8741661563705923,0.7803120872298165,-0.21682834353959313,0.25294908416308237,2.140050002321518,-1.4602671147756032,-1.0939529059287807,1.939499690891643,1103.907191716765,0.2272837547547149,0.009292366914451122,0.006172582972794771,-7.336280972013375e-07,88.86654663085938,0.24429765343666077,0.07761269807815552,0.29229629039764404,0.6300910115242004,15.150347795606137,116.6456574534173,0.8850469878280443
-612.165037966067,106.91728320235086,29.376274208343432,30.89150182267641,30.980083656238406,0.8613383571723323,-14.589719284705671,-18.576145815070113,-19.652898366676318,-22.252202830842663,-19.61475535694148,-0.1717622274829409,-12.97307383352666,-8.454228608248897,-11.765173496433555,-11.983402474034333,4.5056466715805685,-1.4357809013175569,-3.2836945231848222,-4.995613463618254,-6.6823290073931245,2.279365846619526,0.26150862344457054,2.1889531620870457,-1.563969517942188,3.33502636272211,-0.0018208087468798428,0.4910044856321615,1.1432605890721863,-0.7868698797448002,0.45709549498780333,-0.7448109505728249,1111.4790489998998,0.23465934358332013,0.0033318493515253067,0.007434213533997536,-7.302504364626911e-07,225.5586395263672,0.17326681315898895,0.23538553714752197,0.590009331703186,0.17460520565509796,384.7193703901004,4568.6761374224,0.9223321921733646
-620.644793267922,93.51722883120001,25.373333231823064,17.24189430352861,17.823609974881244,6.416604593060517,-9.55777474558804,-18.045292792343965,-23.194130192805055,-16.832542923971477,-0.5372622805721725,15.446151860839553,7.110691234033051,-7.31542704513877,-14.739954455816836,3.752322875660751,36.26820714600004,5.305034618930589,-10.906852887172032,-5.0135043307549685,-8.294018707189663,1.5368698453183758,-0.9617877398917616,2.4821230070782843,-1.1297611065403206,4.634289888658538,0.2564400113908854,0.07203967324843177,-0.13088194965469452,-0.35281097437719167,2.287671827313049,-3.0379508755152353,1575.3674635319235,0.25637406526709566,0.0013669133186340332,0.025448687374591827,-5.852862468810008e-07,518.0103149414062,0.0034182602539658546,0.7653530836105347,0.1872970461845398,0.04734985530376434,960.675232925867,9686.599181136633,0.9097726614750302
-611.3331837212758,80.8675859706105,9.612676382087363,23.69111648064942,13.078795377618887,0.04046701508947903,-2.791213142010196,-7.771495834941943,-11.9307641163232,-13.322704724080541,-7.017743483135401,2.0489289955874663,-0.32703780667936455,-2.002595465239768,-2.8403927935649516,-2.9800551399878854,55.79562336101851,7.594610269779951,-11.797898296120202,-5.079516026477578,-7.569182734679473,2.276160467160206,-0.6294004106299219,2.1777529519099086,0.2182166369499449,5.254203079257904,0.9401695474009442,0.2104957204739471,-1.6449907591890431,0.7257521274920098,2.929198727584895,-3.8161684233874396,1856.2040155831103,0.21953573993079664,0.1131151458248496,0.06532230228185654,-3.980156377214063e-07,109.1667709350586,0.0237582940608263,0.05638837814331055,0.3158542513847351,0.6277573704719543,6770.1613360151905,8626.32694523481,0.5602788627936696
-356.77343046484657,78.188497110947,-10.586154427422766,2.794913986817675,-9.06882967535932,-8.372162272522509,0.6246008679195768,-9.911978155693493,-7.109377178993467,-12.485734234241384,-14.501118867654029,-6.913563435424822,8.466149103434487,-0.36606349160031326,-9.201437731397972,-13.044936278146801,61.24586916250078,11.083111801177637,-13.21402142581675,-4.81069100264087,-5.943278275337437,-0.3906738453059874,-0.19061443789110433,0.0170146264695641,2.390402688949775,4.90394909148632,1.8815138456262739,-1.4071083081680744,-2.0549710435897173,0.8804221144025982,3.191090988726359,-4.8113755288434135,2058.26918815413,0.2251234770332797,6.097793094813824,0.10706404596567154,-7.595051051982021e-07,107.48821258544922,0.09528928250074387,0.05324788764119148,0.2680091857910156,0.6787430047988892,10217.454289554233,8998.389460445767,0.4682796955218668
-233.75276938877008,162.3591338517433,-38.81735807642549,0.1734394141461506,-12.3728086720039,0.5288964881797358,-44.50207544269104,-9.365885942753517,-15.338569330885404,20.77051407298073,-8.752115025770948,-4.226472389972165,-10.370969274344688,3.4615138550948674,0.09906287524524127,-34.13602088647809,53.64699222037952,13.49503307892341,-11.730417759036314,-2.101910456141364,-3.500358345031446,-2.152212154007193,-1.6963707280606628,-1.4539108569561392,0.728634495844646,4.104261389063815,2.189358359882902,-2.7513137529468583,-2.6613860597054835,0.9424116954745242,2.858563386347162,-3.965623303034393,1076.7721365955367,0.13906970719276152,8.77789116743952,0.004207199439406395,-7.606736013062919e-07,107.18701171875,0.09595658630132675,0.0538283996284008,0.27625158429145813,0.6699197888374329,10151.94296188226,11205.19180374274,0.5246580089843259
-238.45199675888296,161.69760726080145,-41.703922562138935,-16.783118065283137,-8.090841913613968,4.165815690660899,-33.679892537499285,-6.5858093779533355,-9.820578903519849,12.953325419348467,-0.23169771848614146,-6.515288545288927,-19.37344078067637,-2.2372124592308205,8.943210431619226,-36.159639754741086,39.055749506608336,14.229807287476556,-8.915113242578848,0.6874934907089291,-0.20416875460463269,-1.5271380928885492,-1.821491851087898,-2.0405049991552433,-2.577083331739503,3.526819193465582,0.24259225701804335,-3.4053092384069314,-2.801067573198234,0.4414776255020162,3.1039702474045576,-3.238906743818911,1097.2347807963388,0.21065852760814835,8.38225710298866,0.004171005915850401,-7.584209529787887e-07,106.5400390625,0.07080516219139099,0.05045000836253166,0.25271350145339966,0.6968363523483276,7198.105485315869,11304.15428030913,0.6109607379586631
-232.4109482155745,167.59459295054643,-55.14183279099322,-1.962891654864102,-15.271221531336451,-5.226869781010464,-18.67148880734097,-15.974147147515549,-6.979643291042094,16.956768580185113,-6.6478973514814985,2.9493144541971827,-28.893743994892226,-1.8459831225640237,11.159303697134316,-38.922650665434354,18.331784237046286,12.992871944285081,-6.144109272504888,2.2548116108293432,2.592064359285355,-1.435287607135331,-0.6337701082284655,-2.1998728062897706,-4.70556192097177,1.8095537438305622,1.1622224071518628,-2.4645770060793883,-2.2639236292210216,0.44841573023711545,2.0658838222358273,-0.7942947424413567,1107.0611757530667,0.1324493405604697,9.184390307404101,0.003676095511764288,-7.690285686813941e-07,105.54882049560547,0.1812373846769333,0.06765645742416382,0.2557704746723175,0.6765730977058411,3883.771449947601,10461.6006203649,0.7292665933716004
-248.39501821858244,176.55720158739484,-60.573209841222464,8.313068673446566,-4.178073475978633,-19.346449670503322,-10.288382613927658,-31.238269196970663,6.12189265243477,-1.6936228526369983,6.324217145921432,-9.192362558086105,-13.637706071015959,-3.7289714953485786,5.3126012061397425,-28.067037518747043,-3.7604570004060003,8.245788274799937,-4.6213690075526115,3.181360585925143,1.9641978163736895,-1.039433125947871,1.7684136654275986,-2.3871419155186113,-2.916461102886805,0.8336146397275466,1.8326378630917182,-1.0454646782779382,-2.2056984089766862,0.32794763289481793,1.023192599224439,0.679416655890882,1052.7498510830508,0.15535549274151364,5.320691365748644,0.0031797417905181646,-7.839816458914261e-07,99.76283264160156,0.058412205427885056,0.06649770587682724,0.342006653547287,0.5914954543113708,3352.4810249031834,8791.306084471817,0.7239344699714746
-305.68896212672064,182.82201879162426,-41.96338825219776,23.780976283899466,8.906482582952968,-12.60037934800855,-22.971063120340787,-27.220292904090407,-32.50815804444546,6.458026386083402,4.32723211831292,-23.512344159330397,-16.089316185187993,3.3815862320960726,4.537850266202499,-23.853258091872554,-20.90325064402964,0.8844640689010546,-0.2606505399473439,2.0373741616710923,0.23234087027120748,-0.6282048650152843,3.77956940386602,-2.027663867940173,-0.993491840171248,-0.1291128877375473,2.079980431932074,-0.754732726907691,-2.0396194314729508,0.259075789540504,-0.9010345116848116,2.1968383993452623,886.4078077615887,0.15774936504076453,3.6118623977527022,0.0016232816269621253,-8.218956314495166e-07,97.46968841552734,0.05653998255729675,0.04919877648353577,0.411758154630661,0.5390429496765137,2218.1444976436915,6267.1758148563085,0.7385903635981695
-318.5663782811444,180.00529651466326,-40.596670545603985,25.261907235663124,16.169538366953986,-0.08374676165623496,-22.746419946072454,-21.751059155982162,-55.12270114848084,16.791577327786,-16.34583255174786,-17.117078998787704,-7.400992312696866,-1.7230706893215526,16.263837286184803,-20.468668002670213,-21.817390567429207,-0.27922313639952834,0.42695566540120483,1.4699137719668856,-1.9915699011317787,0.17355812298756754,2.897183089954432,-0.0636957145029681,-0.14808719846737026,0.30887024008151726,1.6189348276309858,-0.5167136581935455,-2.1394872929875235,0.5373032328731664,-2.0405989647996594,2.366790083896065,882.2167975307367,0.1231153806312787,2.6352176861837506,0.001412668963894248,-8.200436707148858e-07,21.23147964477539,0.16873371601104736,0.0,0.0,1.0,632.3902196252932,5821.924721780957,0.9020205513108244
-326.557857569458,185.45172453051066,-53.750738709193016,22.585230586896387,21.41314699827695,-15.262454466704984,-11.382882797011192,-16.799958743649206,-41.90502348599283,2.6805986733023817,3.620475599069077,-16.95488503520278,-20.960296404889622,6.154299457136728,7.737166887676604,-16.491209439516958,-21.453741096089487,-2.000982798223081,1.212896031240934,-1.7741247324016574,-5.111106979238999,3.103733368292751,2.8922045661121905,1.337593288955975,1.1857812054623504,0.06258812239520144,1.4920028847504412,-0.18098589465088188,-2.0903556654145263,0.010138304285950792,-2.2008528672916414,1.8370949244073385,980.7271008169513,0.12700867239379965,4.773100079968572,0.001840761280618608,-7.804259696153666e-07,23.16002082824707,0.19568884372711182,0.005263488739728928,0.0,0.9947365522384644,346.00208959092856,4652.473008065322,0.9307784708674118
-285.19977509650334,171.59517713667015,-72.55489120910264,6.247999760968089,-23.11994535132096,-8.151987327668941,-2.0804313523898026,-29.74939095964276,-1.898263295133609,14.291481505737234,9.022291159273976,-1.132914245539643,-25.86466286972292,0.9695985766709004,-1.5870768219047449,-27.70012904443032,-16.757422171586256,-4.572645820996055,0.10024621737687445,-3.7945516607557948,-8.127665822416372,4.631747317574189,3.0413509589063095,2.628708375041312,2.9103776520134996,0.48820626562824027,0.8695509919846722,1.530209170748996,-2.297976041515408,-0.7497692038864191,-1.9551189353845555,1.3618004701802318,1151.5002844046649,0.12476651880169953,2.449335847981274,0.003105799201875925,-7.463542231157978e-07,672.2040405273438,0.00669505912810564,0.5710107088088989,0.4068707823753357,0.02211843430995941,403.426416515306,4423.998388172194,0.9164303054242143
-447.6244006034171,158.41232795655839,-25.278571555217596,-3.0505572919102844,-21.044955265195405,0.5462923923333415,-12.037923945661554,-24.367054487769337,-3.408845092039525,20.346988600461565,16.040425744032106,-7.650965163524107,-41.6227464142351,0.44092592991900115,-6.545479975166359,-20.643390921010155,-7.565074926647441,-3.717626945177396,-2.956709360899907,-4.579931061322757,-9.47588022040324,3.5943054303422466,4.306032346777619,1.4353465902577127,5.538355194819129,-0.5402377580947257,0.8465521163667247,2.5669853416661597,-1.7337296697465951,-1.4717385775170055,-1.5924440818442593,1.1702452089611126,1056.9908937863452,0.13372218607458186,0.38119759503751993,0.002449836814776063,-7.12346043893963e-07,692.7911987304688,0.006924894172698259,0.7150375247001648,0.2408328503370285,0.044129498302936554,317.5377952132429,4357.531540724257,0.9320784843184434
-380.6831636797943,166.21954475094032,-48.75935520976368,7.4128086224947864,-27.289820296356247,-2.4923964862765273,-2.198340546043705,-4.596087249081768,-8.360691195611299,7.995518754372021,5.863734497478124,-11.984872642206277,-34.58777490670316,1.064690902234501,-5.737176427496431,-16.39119970486553,2.682563646013101,-2.1205994939518393,-4.098082874064049,-3.6738688186615667,-8.788439918147029,3.300471788150548,3.321759535325496,0.9803084411083665,4.948455989438112,-0.8948840750667073,0.7250133831134618,2.3489746451271682,-1.3714839249400999,-1.0896649202498663,-1.1198932407764286,0.6005291116396069,1104.1414571018627,0.14794578895901375,0.5584079390391707,0.004090306349098682,-7.71923937303976e-07,44.78490447998047,0.08285293728113174,0.0,0.12631471455097198,0.873685359954834,981.1126477385912,5718.3297350739085,0.8535530882009452
-392.3748871188199,159.64046886657235,-46.161636478588726,-9.730323946096476,-49.80592625099527,24.13231512654292,8.010981397668628,-15.318920531337989,-6.186753262612074,4.3092770591794745,3.8788801654925407,-9.597822088691084,-27.153894595564637,-4.491992521871649,-3.5617624393063463,-19.92017348472659,10.623396607311497,-0.9065537112760415,-3.6589099930014597,-2.554641562974855,-6.210894024641448,3.5967151814590266,1.9745965202900915,0.790579485016968,2.128128303470474,0.18756363317879318,-1.0995878108220989,2.159400692890196,0.3134385769005687,-1.5334586633919867,0.7619418170113115,0.30628626133156833,1152.1755594428062,0.1301292692970129,0.8109362069517374,0.004311570432037115,-7.625406450070979e-07,55.6946907043457,0.2592991888523102,0.004963698331266642,0.052563805133104324,0.942472517490387,2181.320825579825,8414.379369732675,0.7941315075576757
-373.41687859048704,139.00640174159253,-58.95752986719013,-8.138234789107551,-49.71454928923978,19.832377384746465,1.98506896830812,-7.419384868335469,-2.968545728660898,7.222464931881745,5.493974929453043,-1.5671996960410388,-21.049909086625064,-9.035862902142668,-3.3683047229455902,-11.590532699932083,19.384615840754172,0.6194376055485207,-4.33037321883498,-0.9337843655751016,-1.876853812147626,2.448820659220446,0.5095386251808436,0.9297603554953733,-0.16592482854631865,-0.014738266228530209,-1.0822467545915866,1.4319922433416366,1.1829786224851073,-1.0105827516222345,2.1501697453584674,-0.14105681117064023,1324.883681331509,0.1595024492858565,4.268915843218565,0.007921421900391579,-7.301465849932378e-07,25.448909759521484,0.09497129172086716,0.0,0.01808089017868042,0.9819191694259644,364.48165727343303,12929.460725539067,0.9725828767134823
-321.24784887392155,172.056321622168,-82.28681928964363,-4.001308066249102,-47.166649620055324,5.26482649035105,13.403350596611613,-23.4676947997556,-4.791974823594467,6.290945806493468,1.3060951351503374,2.364484614512797,-26.5809965463582,-7.91052536292988,2.06228511027581,-14.070931746795852,28.97993566000936,0.6093196412002615,-5.271007382444752,0.350219390417835,1.2057771503150285,0.48447131046162006,-0.9559617796181086,-0.1696426443618515,0.5916819643605384,0.2509593307646513,-1.2842152953839823,2.137685661402213,1.3921726558560228,0.28807005851516126,2.397822452361508,-1.6692487221026129,1192.0491088309368,0.12605783259607423,5.0941383158788085,0.0024220768827944994,-7.393522706714478e-07,646.14453125,0.025250177830457687,0.49599000811576843,0.44536179304122925,0.05864829942584038,1061.0983170036411,14553.259104871358,0.9320434207867503
-252.0142567367577,174.230208756678,-82.24376766134023,-1.0431621158168722,-43.73466822609282,14.139181303049842,1.445321542411364,-15.472667032038359,-7.50102954430117,8.204492024140347,1.069698052438479,4.331870397375575,-29.782315926913476,-1.283465525665136,3.8662845741443945,-21.511542128936956,22.89299648605103,-0.23188659696210048,-2.335734286958075,2.4958641348220145,5.40667245958504,-1.8585922718604464,-3.512225068093093,-1.4189488176516294,1.2786027933183541,0.2565403807396033,-1.1625180269639956,2.7927034059704794,0.8038278295236272,2.0072422635263156,1.6546196684774481,-2.3234682371719657,1220.3473043653808,0.11703286105363984,7.518894573673606,0.0035169764887541533,-7.303142760964793e-07,82.31887817382812,0.08214471489191055,0.03045489639043808,0.16194257140159607,0.8076025247573853,5153.6794997236275,10738.099797151372,0.6757015433295716
-257.1008943666695,169.8584340658963,-70.31406373346707,-5.902885210067713,-37.622191789615,14.029436265376715,1.8252606865147525,-15.392664853291437,-6.437495748020185,17.280580134788565,0.5507084633113768,3.7253937504039736,-24.225819347446155,-8.456918319472305,10.180172626950624,-21.024752044503973,18.236991217905793,-1.338599154713748,0.504032733368859,6.349473617024079,9.935296940740791,-5.325328631504871,-4.60686910396343,-0.6789934549744244,0.564254326570365,-1.8101671242063249,-1.821394916882971,2.545487971184527,0.9735863152710551,2.6605551145056148,1.1709181171469414,-1.2260486453307573,1169.2133555425698,0.18618408570752296,6.86756566632539,0.003004560014232993,-7.402807645924412e-07,82.1745834350586,0.18501855432987213,0.03358319029211998,0.20211414992809296,0.7643026113510132,5961.637518769726,9517.830254667773,0.6148680557997095
-219.43938019549446,165.19286644612677,-77.96036842938821,-2.823788384846373,-31.277220333087342,14.869047920239982,-8.004663792772664,-15.058294394487886,-2.8941731667523594,15.77031003985137,7.446092281046104,0.6657520235469354,-23.713632834734483,-5.4870480864047595,11.913487518668568,-28.43209959181653,7.219010341281906,-3.920173861675432,5.72702203533286,9.510270337039431,11.550790009528505,-5.808974940299882,-3.4107607607232797,-1.0755566830094785,-0.9040336236043423,-3.3485959259816123,-2.407160682346801,2.251449596378083,0.7541844104972469,2.9650890294957417,-0.032861907715546895,-0.26295350343457324,1251.575689578931,0.16313866363692214,6.240320107899606,0.00462855352088809,-7.242401099145966e-07,83.63926696777344,0.04586584493517876,0.03255030885338783,0.26762059330940247,0.6998291015625,5639.992984565596,7574.031429496904,0.5731812801432804
-231.84585515600926,154.40719694973913,-64.54514930119376,6.1926937835260585,-7.554585479398538,1.2670171953775202,-18.79481099283533,-17.014846092240074,2.62498804833847,11.549126786952623,-1.6394169540593855,6.789975815292479,-28.176699044358415,9.72014460380681,7.504243993231514,-33.61890520019618,-6.957506429502373,-7.405477954511865,10.800794937580331,11.461641930518196,11.708440853944968,-5.298903938116149,-2.6371795577410784,-0.17592892235696583,-1.5990538018125735,-4.33904305373926,-2.8572345467494813,1.9364140158021224,0.8203964304597876,2.315646322878631,-0.9381559189224965,0.7667213594462821,1288.331301025115,0.17936295714528888,5.585115281865001,0.007297358941286802,-7.084014681438145e-07,84.27931213378906,0.06849060952663422,0.032347045838832855,0.3236905038356781,0.6439623236656189,6062.512910662831,5012.027128399669,0.4525720355627479
-250.71047818544625,154.12243927093454,-63.499504505126126,30.72667843143216,10.516982083035458,-12.931794827312338,-26.887983416497512,-22.807678066719475,4.58373867110326,-0.6075939664223793,-8.222525075154651,16.158126875596455,-21.020186552926724,18.876412842137036,1.1122457752861055,-30.809935955473563,-18.649135620228012,-8.175023195428794,13.674630028435795,12.876794780505621,10.498273354415034,-5.278948437485526,-0.07094288095871076,-0.5016393674100786,-2.3909409358692635,-4.656036857759153,-3.563799117880241,1.5044013317878104,0.5095131021945867,1.027065715325933,-1.5131812158876172,2.339128385390178,1276.7779855291642,0.14235603216937073,3.571159112267196,0.005742987152189016,-7.108952185438216e-07,81.33761596679688,0.05382354184985161,0.057979971170425415,0.5551702380180359,0.3868497610092163,4518.242307966444,3357.364137346056,0.42629912510982987
-263.6945351482857,139.3083513127119,-45.13634930181679,51.71125103622969,31.12948528733038,-29.358047193796786,-20.97568874465911,-17.29261997031173,-8.247347194233393,-21.49123062434463,-13.276011096843293,13.994286543416006,-13.291711290817211,6.717688044319345,5.908816266615105,-12.392224630611775,-24.203270086706926,-9.097809269650371,15.669246367624416,13.56675372400765,8.367137808809975,-4.2940211560633506,1.8606047951217002,0.06772707223285011,-3.5795433478246284,-4.939276577826142,-3.5407869892773585,0.6938499394835064,0.6584067905381173,0.3349558581032814,-1.437167416611794,3.2065153799474904,1276.5606422643639,0.17094734907139372,3.414003835991025,0.006899440195411444,-7.297855494048547e-07,81.56929779052734,0.03195818141102791,0.05988026782870293,0.6508772969245911,0.28924256563186646,4006.8079065831507,1872.2384801355993,0.3184595522779239
-315.26235784380617,118.68146557046418,-11.729412014242769,73.82258591760183,30.182472941030206,-24.60899862395996,-4.070392537296052,-24.110990408482824,-22.245525861538717,-16.330935302473495,-14.48321271361448,16.802919047620215,-23.09745163358742,9.84510757013566,-4.700130148074342,-8.996130386397382,-27.154391132638942,-8.79028402689678,16.68862644268133,11.766122312245939,5.098422284016343,-3.0391648322117373,3.894101406861885,0.5640433510914613,-4.167303841545502,-4.059061392905785,-3.311022828196676,-0.013608315612166431,0.452594972941144,-0.8376261862439637,-1.1860383745503624,4.013409132482564,1226.1427730303392,0.1676510104284831,2.3403435172513127,0.0054930890910327435,-7.369856747400798e-07,82.5079574584961,0.1018083468079567,0.07301146537065506,0.7075587511062622,0.21942979097366333,3679.247415960736,1115.235982476764,0.23260816438330234
-367.0597745978747,120.67835786454069,10.635264841847533,74.57932503924144,28.197718171273472,-16.51364521965899,-5.89625258820584,-16.740562626208693,-18.683961849212203,-16.912748123499995,-19.057225872424624,13.049868254342746,-25.429113908222348,4.7995712443677,-0.7492540158842054,-15.678474778038149,-23.83747584367176,-6.7565877884560965,14.302479390606809,8.310854064059942,2.2238125889929994,-1.5690941897268844,4.538109846883275,1.1418137066923535,-4.507253277611365,-2.708596445597789,-1.6472585137960023,-1.106771518993315,0.5436449071800158,-1.8893268863483748,-0.7038621565881262,3.8616414132067143,1041.904398689682,0.19112420184397588,1.1795312967151403,0.0031460521277040243,-7.853143382174185e-07,82.97296142578125,0.07455462962388992,0.08399888128042221,0.7198843359947205,0.19611670076847076,2545.5351985789966,783.3041568897534,0.2353084884084028
-393.4084720445489,115.52032982335095,24.19600812629373,82.04427544038552,23.973635290725255,-14.742444776062683,4.750397094288784,-17.390542736986212,-21.786533848409952,-11.68035262454377,-23.807536930936852,10.034873302171125,-25.266486012371367,-2.7353106570544905,-1.9286979170181766,-5.458979043039339,-16.17383275941157,-4.618722695214668,10.052140577375711,3.8740183549790324,-0.37111330287710237,-0.8206081802606126,4.193593823148459,1.24969842945587,-3.263475624115142,-0.9029299716291626,-1.0617888829501274,-1.3210997916984937,-0.02950575913455253,-1.2958628255787343,-0.20068561506140647,2.754825927036346,975.3198608239472,0.19536405913574872,1.2836894476786256,0.00308124627918005,-7.717416056295598e-07,82.7955093383789,0.07471203804016113,0.0836983174085617,0.6590176224708557,0.2572840750217438,2298.1480480351693,959.0291980585807,0.29443568022241345
-405.92819714495977,96.37036045593945,37.57461916989615,88.98008028172296,23.654209084840428,-16.36262939666637,8.014360025929046,-12.438886160499795,-28.599584372210565,-18.058798745068096,-18.8467980980642,3.8151576211573515,-14.039553904049594,-0.778270522215886,4.584143439936752,-4.58052836022259,-8.320131367897329,-1.3506934844757565,4.396725049400131,1.1163027036636088,-1.921183018671538,-0.4194550224089475,2.6253621784441146,0.5112257756974979,-1.7785427841346257,0.3091246030171828,-0.655194584380574,-0.6409431536716833,-0.24488552370852557,-0.0416825366948783,-0.05955546134133575,1.6105565849027412,1149.610719278523,0.20415209556088793,1.2472650511190295,0.0042707957327365875,-7.612797280710257e-07,82.44330596923828,0.12814298272132874,0.08623894304037094,0.6415932178497314,0.2721678614616394,2658.0153366357113,1350.2754348486637,0.33687062936021017
-399.0031839014171,100.82478649885948,37.98854200588821,80.20168941996536,15.797133179147888,-19.80196513806242,10.710929751575836,-12.876196077813571,-26.19101155102179,-18.51790800087032,-20.07590466211397,5.990472293946768,-22.370066711775337,1.1077614140364904,-0.5020232678388246,-1.863661153918794,0.5616501048833,1.6855175015998727,-1.408285331460116,-0.7719784248395067,-1.7008178960432492,-0.6792421928186883,0.9700199966512411,0.4049756617002507,-0.898197257148597,0.47553854277932306,-0.7448477944963463,-0.27269341852462464,-0.07652628649394463,0.3559836853861325,0.207084734742015,1.1452103278351031,1129.2992599135082,0.2117865715536724,0.9062479604035616,0.0039650555700063705,-7.768928069744487e-07,82.52664184570312,0.13224177062511444,0.08278541266918182,0.5910959839820862,0.3261186182498932,2508.345126741328,1647.686123258672,0.3964566251176942
-387.5351039755847,115.29089906711854,23.539167403656936,73.05940949958267,27.132337547233334,-26.08111527800271,4.377430041168477,-11.443230806314327,-31.841377863531804,-18.52594598029894,-12.34178541583888,4.595719864121628,-18.093435416209545,1.599813719721761,-1.8735082176715454,-2.194126074295668,0.1717546335572131,3.511796469604315,-4.184242399901402,-0.8023084507218506,-0.3693332029706868,0.43149889566628197,-0.2738931094638719,-0.07905364097642381,-0.9296724667105005,0.06486528297622399,0.014370467379491166,-0.23679551917312028,0.40953735028479427,0.30050406833972554,0.3574230671782933,1.15684421820502,1057.4438549778279,0.2020279696865729,1.5790453013032675,0.00436965050175786,-7.569412328494755e-07,83.31602478027344,0.054811589419841766,0.07176369428634644,0.5794081687927246,0.3488280475139618,2458.090785902075,1624.068393785425,0.39784543480486023
-348.8500242905688,117.8600269148622,4.182151034326534,66.03609434680075,16.276690497501132,-30.139887166764005,6.132770543388997,-15.14205977964134,-22.221224213158916,-14.995508019303646,-22.106288549500235,11.105456044722917,-21.072562307849992,9.040009721599699,0.5063021085069976,-3.476842187858648,-11.597079459060447,4.78439995734886,-2.0241804059802835,-1.6726664906544686,0.7824150590463956,1.3751027814062469,-1.931114014438987,0.36830704094159206,0.5192629073471225,0.26523075073934427,1.6185173036648504,-0.19566960640936076,1.2606479516512075,0.13094344654103263,-0.5152376115653138,0.09536732368406756,1208.017926225451,0.22336565849446877,2.176066365092993,0.006305683869868517,-7.438468788257163e-07,83.64437103271484,0.0755908340215683,0.07761866599321365,0.5769332647323608,0.34544819593429565,2079.57527367871,1636.604657961915,0.4403997352300927
-351.6694131786016,126.03164326711098,-1.0192305980451466,75.51626454421906,15.31789267981853,-25.453091003156167,4.1253971424798905,-20.12818388122072,-27.263887759724863,-15.339944268983167,-21.67725128113618,13.891410937680382,-22.875605211903576,7.335384124848367,1.316118592657896,-0.014345830126090031,-24.235016922258353,2.975575236880437,-0.40934311230645515,-3.532720671090683,1.021254515984637,2.9219762415532915,-1.6865861241197404,1.1644881912330667,1.6819314366835645,1.3277886102519163,2.230389791695297,-0.8354520858786475,1.3188240772082347,-0.7816701811637031,-0.8065135496734666,0.42726512443720366,1067.3733776881515,0.1867178798410074,1.7826580656692386,0.0032912944443523884,-7.772846641457153e-07,83.5081787109375,0.05934518948197365,0.08787845075130463,0.5734345316886902,0.3386869430541992,1188.6522367707717,1530.5113374479783,0.5628610768249621
-345.25787450434535,134.04928084398415,-10.597028918681584,73.52446315860348,17.309013899986518,-17.96470451293265,3.1817158860983024,-16.86879485893885,-28.255746730678382,-8.603095545483624,-26.167787935800646,11.350928825230653,-27.24396892745637,6.800821940755637,-2.745975681711206,-5.153741178876961,-18.45247371188959,-2.4149701184914347,-3.9697537740481867,-3.6660707382687376,1.7711579156122605,3.7570054651931066,-3.8507927300298253,-0.7115946328227953,2.1705277947137933,0.9982679798763873,2.1030619300453757,-1.741589539209816,1.8716420236845026,-2.37175226142726,-1.2445439299818701,0.21020023274495309,1052.218230242397,0.18776185888521857,1.4101751828566194,0.0033592937979847193,-7.860758466924018e-07,83.5220947265625,0.06419296562671661,0.09868314862251282,0.5634974837303162,0.33781933784484863,452.049951608632,1093.343847219493,0.707485592376893
-440.2640851355604,140.36914013354405,1.7149292539190846,79.20786412679332,31.704455042689865,-0.49475567159199174,-5.739117080249768,-13.906563363573166,-29.437434328876957,-20.48773892158588,-15.148658044701854,2.1940212284957403,-13.709291914691029,-3.884856579316946,6.606981394862938,-0.4345359096479204,-15.087991418792193,-6.318373264308259,-0.7829087723044723,-0.6797065975438901,1.5428604467758333,3.791933303011267,-2.128863348229638,-0.5249207776274007,1.1506481606851526,0.9554338895797283,1.3779527114447356,-2.1647017275271767,1.9729051484926867,-2.6355486012507416,-0.26170984675307657,-0.40192461093658033,759.5095650240485,0.20244913851730612,0.13097496051341295,0.001342748524621129,-8.989721470107895e-07,328.2581481933594,0.0020323828794062138,0.5760557651519775,0.12171366810798645,0.3022306561470032,81.61872004452277,1032.6152887445396,0.9267490317108296
-577.4518253352868,134.98981120281994,51.16045443628272,67.00783956628757,31.869847564468497,-7.092444730051296,-10.073590135250987,-6.597641561268067,-13.481207706826762,-11.634092886587563,3.076425687181807,3.3115304664952903,-2.9719696728581564,-2.7216422807544314,-10.84982105233869,-6.037868574272639,-8.277610592577133,-8.277030110997726,1.2607775610050833,1.4710055730556126,2.097524704620039,2.987015629042117,-1.0240771295593292,0.7036195716364653,0.012841378461944775,0.19971831797859063,0.899711022542205,-2.9240848232655283,1.739981308474324,-2.7468336182940734,0.04347466993497656,-0.5195425666348258,646.0327437274221,0.16114634918357829,0.018646770156919956,0.0015567962545901537,-8.430547062276513e-07,102.86148071289062,0.40612369775772095,0.09118073433637619,0.5753569602966309,0.3334621787071228,193.91044695499772,813.113661931721,0.8074421006967064
-610.1505167700008,98.79378646568242,36.162452225624406,40.93833808906508,24.374351437269908,2.097898453961444,4.099995304284857,1.9828708690408683,-12.596306843050932,-3.9220375748129586,-0.3363878235999911,-5.5679361737477375,-9.45498562097163,-6.3291383738478695,-3.1798868255030377,4.498533737031551,-0.1516117920549549,-11.782369710070439,5.176366261380259,0.7372847435504606,0.9885125105100474,3.9297819885143466,-0.9260737146789317,1.7627504260526776,0.8214770829196157,-1.7872376549899092,-0.5922542202116579,-2.3343813917672356,1.707343966802111,-1.7095728540224542,0.41076659379376756,0.396457201061639,1162.7659280243583,0.23204318443970076,0.08569778874516487,0.007382237818092108,-7.56001061958654e-07,275.75958251953125,0.02694370411336422,0.4419892430305481,0.10656329989433289,0.4514472484588623,27.14912937473488,1473.3976235549526,0.981907175286789
-372.3791614723501,64.82380281197794,-55.19791988527932,47.89265939843554,32.53977237160284,-2.344448510386353,-36.2735762512064,-39.447306065270425,-11.89351950655361,-14.890578510046367,-11.757529333062118,-5.6893185493884655,-12.116148344735297,-19.83592225997679,-13.83505238182167,-2.344591808152459,10.233576219973667,-14.844552872841076,7.996536277609184,-1.0237216190257055,-0.6601400490257922,4.458987930423362,-0.09885625590616208,1.2369938888516598,1.7651307619464576,-3.2017184012899347,-0.5563668392354024,-2.2695446069904492,1.4474171054595164,-1.0946285327652603,-0.27218979127898224,0.96362699883677,1903.5025343512343,0.18736314862496622,0.5721796583384275,0.052636273205280304,-5.414746133359234e-07,78.9561996459961,0.08922470360994339,0.08618129044771194,0.7190141677856445,0.19480451941490173,844.7374226678173,815.1442911993702,0.49108577098560197
-408.9190828676966,73.67626399066322,22.300376758218384,95.38950587335421,29.909495048448363,-6.542254399396112,7.575767338105306,-14.711423456052017,-33.354859197508375,-9.2243387803551,-17.41554929101015,-3.5392019578045755,-7.995478270270802,-7.063589008131352,9.230824000516147,-11.107590957853915,21.322560699609156,-18.98588556033962,7.188759432240841,-3.3051569874796938,-3.44061177061196,3.5593988528798746,1.1721823150500432,1.1745635591583716,2.6171287722827556,-2.6320334923541364,-1.744271713140789,-0.8361173913899769,1.976313504078753,0.7794673545160222,-0.8016984157863586,1.5302457333762025,1383.5119273695454,0.18786100637477535,1.0460500698536634,0.009183168411254883,-7.328401727816372e-07,78.9521484375,0.08134642988443375,0.10296503454446793,0.7267897129058838,0.1702452450990677,852.6987430154137,857.0402706564613,0.5012696463045911
-374.04467951979206,77.97768714020069,19.29267367257767,95.57953033529961,31.013005955876167,-7.976071716613813,5.451703925798702,-1.3334394789586068,-29.851770441411006,-17.584121220507697,-22.715096560606415,-9.22224359477584,-14.760424751750104,-7.43382215407765,3.2136485067846845,-5.587888938617283,27.588879052603545,-22.585730736364713,4.260220546670306,-3.8848135780276816,-4.2146938423803215,3.2620310127918395,0.8005775084684457,0.7705060121296567,2.4115968278289657,-3.0139143335889877,-1.5975156798878591,-0.38050915553618325,2.424335122879127,0.7472289117474307,-0.9762422294492303,1.0065948161378684,1296.2524897936723,0.22598486387006406,0.8616861123591661,0.007072902284562588,-6.90675525158227e-07,78.88753509521484,0.08720628917217255,0.10558095574378967,0.687149167060852,0.20726989209651947,522.5292985139289,1137.6375716032585,0.6852549536318329
-399.294153397507,42.23773306304297,70.50585620745514,66.72220948363643,20.59758509088917,27.838914536305722,-11.575645287668067,3.2764021468242737,-12.182923348633743,-40.23031850231443,-28.308648737491588,-0.577606776702175,-7.198965995892443,-1.7642894051506768,2.442285887736629,10.67133133817669,23.48897587893261,-19.20004464149683,3.956982720451172,-5.132537978323329,-4.959021030189027,0.41521610811042153,-0.8216370191065169,0.42190985723029417,2.7514177302077307,-1.6808887826226693,-0.5762861858934818,0.10660561760153855,2.932204170416553,1.448824610004621,-1.508018994735526,0.33495306707707273,2031.8633535493668,0.25827281559425136,0.4646109025925398,0.01902218535542488,-5.069924502002194e-07,77.29927825927734,0.01732330024242401,0.09636976569890976,0.5971709489822388,0.3064591884613037,255.28871305041437,1126.7803787464607,0.8152851296902206
-374.4931113916039,19.764985704308323,77.15722927900813,39.63424252500727,14.781700529951712,30.27171349411512,-2.5553218359103655,-9.659638118843548,-1.3447490807574574,-37.52134741094061,-7.477746013992722,-14.853815799077863,-4.886106082891795,-8.669328836115483,-13.839713406617694,4.6478047236998155,8.783200014042375,-16.044739402723103,3.515686307407383,-7.095527660698753,-4.482432312345921,0.19620435369535638,-0.5229077027996496,1.9687927420478648,3.6317932191889275,0.9322688037642034,0.3174551052994058,0.4907633250813065,2.47482363445198,2.176281901769114,-1.02810843540347,0.2659343458896045,3307.6055030765324,0.3281474100693785,0.21055463515222073,0.08588692545890808,-5.051046371706139e-09,4154.30712890625,0.0,1.0,0.0,0.0,1.5957900042718052,959.9837998394783,0.9983404493802421
-377.6565122735717,-33.01096852840247,54.254389225107985,25.34705366405646,-4.818536463479895,13.410506213866025,3.611416672720596,-4.166844843485646,5.000024272318149,-21.725274272267054,-16.671582702100906,1.6643366196500162,16.904072243229596,6.884969144120792,-10.249337154994612,12.229320599559408,10.239420460933719,-5.59661310024229,-5.202254145803862,-7.541039785278416,-1.1069502251916088,-0.33591724061051337,-3.971134555269848,0.012176442226713368,3.7684808333778115,1.2890300496986296,0.36631290909782194,0.42741966666181747,0.09529043454277078,1.6821607875217288,-1.4056176454581997,-0.3701418602378872,4600.226491846843,0.2830063279422893,0.5112818535417318,0.3004426956176758,1.4548858709534668e-07,4059.280029296875,0.0,1.0,0.0,0.0,1.356651402198409,1853.2407607071766,0.9992684927772786
-339.338400326476,-74.55354231134712,23.26586544227166,31.725131748772412,1.7511192645414042,8.450191405721645,-9.769767585755792,-9.818554968860848,-1.0718728010358385,-24.423500986394835,-8.051530150174727,-3.978461632026673,9.809614572661477,-8.331910855695297,-18.49190170636557,-5.677965319034303,7.242628212567034,5.243614595715205,-8.73717004631353,-3.6211739669162077,2.9975457487709916,-1.7878429214374907,-3.722787760901269,0.026644085276461477,1.5738593002881198,2.1031464204185824,-0.02723541701313282,0.4116873706511709,-1.6367012766154692,1.3785026748910516,-0.2004844287941542,-1.920803607133703,4737.449313235993,0.24230765932255846,0.569845019839704,0.24445857107639313,1.867210521026704e-07,4073.713134765625,0.0,1.0,0.0,0.0,2.8805722098655338,2521.2295352120095,0.9988587771185593
-298.11562677452673,-16.777082695770236,6.22620890167631,25.08346220868448,-5.497632072824164,-19.30816647077654,-24.11848470828123,-17.100784241123854,-5.745472994149974,-10.750903163327433,-15.941500930275806,-6.445870835397795,3.1653998232642935,0.10981981739370389,-8.30411369702202,-2.2045193179369167,1.380591502899818,14.094331820752032,-10.107027919410141,1.9839589449497679,6.437573671380123,-3.2688070959961775,-1.9768372381478367,0.6484756742694546,-1.651762986824722,2.2895176648808278,-0.11207038224089241,-0.04932095721145523,-2.358580974739326,0.5642807088776203,1.0458444682908212,-1.950250669343166,3789.9620229844004,0.26004559807150945,0.23460320848971605,0.44821393489837646,-7.225589702054533e-09,92.6623764038086,0.08816943317651749,0.16001926362514496,0.5438583493232727,0.2961224317550659,675.0206370368298,2080.0025563225454,0.7549854975218071
-346.4963032092338,-12.929488090408126,11.669271478977777,36.46026548461518,12.84360676162808,5.567021368021511,-16.532532492731153,-2.0200248532199794,3.190653403335925,-0.968194340922347,-18.34228873818531,0.6697561545634123,-1.6752316200932322,5.714979360907079,-2.0797947724621477,-5.3773394748833105,-2.3702184527938517,18.345500812385282,-10.55901909955158,0.6940461420969737,9.314805456382485,-1.6005515534314807,-0.836335377164418,1.4498421933238805,-3.1687947263436365,1.0143533826145277,-0.5091002807017057,0.28257645762144323,-3.3508355647960286,-0.15483953307385429,2.240772558095689,-1.1632615392881678,3762.779819661713,0.26939623787182565,1.380042509175837,0.4098047912120819,-2.5166197342540666e-07,89.52826690673828,0.09342298656702042,0.123128242790699,0.6618067026138306,0.21506501734256744,996.2097473029528,1612.7758484001722,0.6181620362551397
-335.36699926438166,110.99448879330599,-4.40321917156606,49.41000906372601,43.23754496446955,7.290588203609206,-27.428042529277075,-3.785515385476895,-4.896408827573697,-20.36500247019463,-21.240589390921045,-4.3316132822967415,-25.236129674338585,7.285812562078789,-1.3471113546054199,-7.798263120482364,-14.287002130351206,18.783529526147277,-5.72994120843133,1.2516260462601094,8.92379902836074,0.3215475504084513,-0.26403836329191577,0.5174918274734773,-3.3409223375267425,-1.1981062885207505,0.7878572604896387,-0.9627307984845923,-2.564366708730819,-1.2248004740230147,1.3545055626836298,-1.4020297006064586,1127.1228828389817,0.2402983546648465,1.7778300419449806,0.006818977650254965,-7.643022988935562e-07,88.27592468261719,0.0706506073474884,0.11539147049188614,0.6599107384681702,0.22469764947891235,961.8548011174885,1551.9247398981365,0.6173670819482934
-347.2342473970769,117.35310471743163,-10.832046506986227,55.898957530528364,60.13504306875363,1.1495434455536768,-24.57973388285271,3.776338166011958,-11.290093753313908,-21.95608125056287,-23.174921406591295,-5.965662268871041,-23.953840268555485,0.9577747270365081,-3.317835174942015,-11.926715122962879,-17.20961667484159,13.27253436159886,-5.331227981262227,0.032207462625361005,5.981089721691559,0.5107476352156055,2.2134702935872186,0.16011545025727653,-1.8818031311836243,-1.073630008541838,0.9632625217134413,-0.8335581343134597,-1.721654282429403,-2.199516324412954,0.5276545071174662,-0.7190475660677712,1057.1926832555014,0.18421621861304535,1.0782591374590993,0.0046646613627672195,-7.91683243830732e-07,85.0110855102539,0.06626514345407486,0.07889573276042938,0.7023522257804871,0.21875183284282684,538.7799711669056,945.9740571534069,0.6371250989118904
-418.3847096338106,93.05287889839191,17.120346944959334,71.06779626994665,56.34502066924314,4.429187147337598,-7.499473996936169,0.7862577893098665,-25.617774647734244,-24.10546571178967,-13.359629935243325,-6.147615778203262,-4.33556747076179,-4.232550707479961,1.6844046046717283,3.7870965820093723,-21.94892100103403,5.170726294178152,-4.162230959987889,0.7886211429972239,4.6499196697821175,0.36075857376623355,2.7755960448317114,-0.31853088516179895,0.04183619215149398,-0.7730653475048656,2.3397017447472424,-0.03602958279241945,-0.04105886508934922,-2.4582058535485394,-0.8240384615483285,-0.6475452886700896,1062.9358772234507,0.1942644675992986,0.2714552842080593,0.005224957596510649,-6.892926189524187e-07,84.07940673828125,0.37502962350845337,0.10451929271221161,0.587566614151001,0.30791395902633667,169.55994545142028,552.119070661861,0.7650479760869137
-366.23947350556836,72.50339593333324,-33.67121251121449,-2.414171902594146,67.25535836471713,10.000064804026785,1.4651881126633644,-1.753095974930125,-21.016476351377726,-19.351088133279923,-8.711747056291896,-4.291168706219334,-15.236799974329468,-9.092622921059906,1.4952847937519484,-1.9466394998595202,-14.739823186939816,5.323338075692292,-3.8700253161827454,-0.8783786566969487,1.9433726032228522,-1.9158166888859625,2.822065639332636,-3.061487454113856,-0.8202881202023732,0.7026109889084693,1.3646680019279376,-0.5611164440333627,0.9589535933215219,-2.021344359947005,0.34861475914738915,-0.28414572375184394,2069.1554745601024,0.24791402369678675,0.04386853240430355,0.06829789280891418,-5.452553943019778e-07,85.07118225097656,0.24057699739933014,0.16597244143486023,0.37236812710762024,0.4616594612598419,73.60019082942414,739.8022139557321,0.9095156463806323
-511.4667118679178,50.96364168125535,11.186340038602147,41.87408205437363,37.16608418898434,6.307007092823823,-15.073080558614656,-12.84617344685638,-16.599020511871963,-31.57692523827324,-4.441338445583198,-11.032367974713022,6.5435183316391345,-7.556017496296493,-9.606892640055221,-12.958083311871814,-10.330661078434552,3.528616304223607,-1.6546631305661461,-2.2158428527360226,-2.0158962968072696,-0.9407383870074677,3.163456581776178,-4.456344450763096,-0.1746750019539947,2.6581061335043428,0.7302059253870122,-0.3633484656673808,1.0271385327064049,-0.4880400438310012,1.3651724187975718,-0.400922844574725,2239.4245154966484,0.24238404847258296,0.0368568180128932,0.06599800288677216,-3.477840234897302e-07,2049.67333984375,0.0,1.0,0.0,0.0,0.20784590921255486,1110.8821199110998,0.9998129351217214
-406.843323888532,35.497890291724346,-43.13330216339132,33.638050695935476,28.986933165820464,-4.601145692679285,2.6672312700200598,-11.884189043543925,-3.8748527981017373,-14.781871851735492,-9.01322489285871,-10.10749773787414,-16.993144918836776,-25.29188577824877,-12.145418665255015,-13.010195727734526,-7.22206782371829,5.5100409099865235,0.9038652379536941,0.33366531342513817,-4.809724257403206,0.4173007419889303,2.822448897624415,-5.559986350749049,0.5321290512745389,2.974325949478511,0.08404847345896958,-1.461287822406476,0.1470907931076897,1.3274699370337633,2.1512683889087274,0.20115850223716952,2425.40667975627,0.24299648250342595,0.04331584274768829,0.12230060994625092,-4.1567668150837213e-07,78.26812744140625,0.17341715097427368,0.07490310072898865,0.5719078183174133,0.3531891703605652,406.195835531041,799.420375406459,0.6630803137466286
-489.28801345167255,65.69112868235261,-17.190313370392232,57.37568630810944,53.39931973451502,-7.991502352983027,-9.573078342079214,-8.567936809882614,8.46410103086577,-7.031912138071984,0.1418082966941009,4.028379797589295,-4.031132255563657,-3.5746046902557422,-10.188862050100882,-6.1081652684309615,0.18359136312878171,1.5507016152932926,3.068197317887099,0.9183675145913583,-7.012483837902003,1.5672396084147961,1.6293564164870766,-5.3228558533381385,2.4875813415230197,2.9629634605398234,-0.21060067181343187,-1.1104175869526285,-0.6895322122170063,2.469462373968937,2.3019140599706063,-0.4592129608412653,1870.2324787722318,0.22286272117216616,0.8988024741411209,0.03305945545434952,-7.158854826397934e-07,77.34446716308594,0.13458004593849182,0.08324979990720749,0.5221958160400391,0.3945543169975281,441.9600710094524,786.4072385608602,0.640205280972471
-399.0778515686085,152.3480196453291,-19.156658059851914,35.73920967206308,54.74165380396805,-9.30277146507882,0.6771480208432097,-33.117149182804006,-25.096359805100928,-2.1480870741800926,-23.219488104258943,-10.724879532222564,-9.394794909811193,-2.504176149200312,17.017355692708527,-6.1790634443434,4.518621672705619,-7.518298864350109,8.206455124596797,1.239663594090086,-9.146654561770408,1.14860529409689,1.3167206878499413,-4.361786783721451,3.0687028422260982,1.5336076811159285,-0.24242887056368387,-0.89197378348727,0.11283325450671644,3.5832985624662026,2.935039991689518,0.5866591528714378,849.1217171514108,0.21745745693951576,0.9017001707106829,0.0016554872272536159,-8.025655652557022e-07,76.61219024658203,0.06913396716117859,0.08060309290885925,0.5191875100135803,0.4002094566822052,462.24963503256174,1055.4367663346256,0.6954248027681144
-405.8415978075793,160.60979867915887,-3.458854894688984,29.125176497820846,28.084099228037935,10.879395955808402,1.8174361528259932,-35.750696068561645,-18.488178045662366,-5.0284869571615385,-16.92942514369214,-9.84634284977639,-20.461467074272974,6.282517767476495,13.22589096875829,-10.409324565878928,12.395437761750832,-16.73428965621129,9.849406535105368,-3.3244980964921687,-8.722596386073791,2.3412889099841308,0.5159962279530365,-3.061074610301604,2.931643083840513,0.7733903378617373,0.2777888899167686,-0.07304706823939791,0.2288423661901939,2.9696309828693583,2.115922911271901,0.928069157879734,769.9110206234764,0.1694188539382774,0.42613846249878407,0.0018221345962956548,-8.417166700493555e-07,73.78963470458984,0.2331186980009079,0.07259685546159744,0.46543288230895996,0.4619702696800232,144.10364331928662,1210.1704045322758,0.8935934395642489
-454.09808419506595,105.73184492538198,17.99721956862272,69.40881021023722,11.383413682601326,15.797443465039047,9.788336460968095,-37.60827425712661,-12.881194094572567,-6.386679878956551,-13.12876405995594,-25.659265831362298,-9.93039355476519,8.693945838885618,12.679532788657097,2.1417107328926175,9.036964839140111,-21.874314776481903,11.266057473044448,-5.873853747795674,-10.446053996155944,2.2144682770206052,-2.192772972889681,-1.997583467628722,2.64607670502246,-1.308242243389899,0.6559260532989922,-0.4663208216344127,1.6530360209751431,3.071591799838182,1.1855512915227195,0.47605391036858313,1178.5576759282171,0.16639848032936394,0.08199147135019302,0.007110085338354111,-6.320085076739899e-07,3816.533447265625,0.0,1.0,0.0,0.0,1.5361520290557706,1139.8711966037567,0.9986541596819963
-404.4908062799058,7.35645554640176,25.720419094148603,36.825235438437986,-8.835966066763735,22.47895928940793,2.7507734457153115,-35.40469495344716,11.84443930115217,-5.816985329379564,-3.4102681077922377,-7.216473852516675,-7.055450267990427,6.853263292946336,9.117844114154305,-9.149522949017934,10.20552735504836,-21.14135866962418,4.675336933986861,-8.90980179991798,-11.653391922305579,1.3831960805850554,-2.176752358453868,-0.47125191936072475,2.1635379448718814,-0.5808737439065552,2.009563111705649,-0.4169081274732743,1.4763874825913041,1.43886228710232,-0.6674625664689232,-0.0598105337451704,3456.5826380266426,0.281961695263531,0.42494390346109867,0.18843971192836761,-2.370715815332653e-08,3927.019775390625,0.0,1.0,0.0,0.0,7.1729532212202685,1062.9601034194047,0.9932971389149143
-375.9263013637494,-66.4123422468086,44.52692958114475,9.144664666130144,-20.312357501799085,0.18316091198502202,1.4399267079646811,-30.603274179347686,14.922711839613088,-20.36538012982835,-6.7959049244452,-9.28813134159014,-2.768866684365011,14.392698501000744,13.211168121766708,-2.50383588487995,4.396255249458628,-14.13995252489196,1.7592817549408009,-7.211559804884565,-8.174197434979272,1.0450329948845458,-2.0595479769879317,1.5108316623933942,3.119189945323346,0.9219070003527796,3.0213782464144114,0.8294308825223555,1.3054975445171524,0.7716975598441361,-1.5890644857008178,-0.933872271476718,5258.802737747707,0.26366013235543023,0.9144726069644094,0.13386285305023193,3.719928922224852e-07,3992.864501953125,0.0,1.0,0.0,0.0,1.2895558871288273,1092.5047556363086,0.9988210252388926
-377.3664577645113,-82.79664851005197,62.43842861739148,12.23447542963731,-14.741190670426755,16.327826235362593,-14.852381721706063,-30.181818409164677,8.533491704674315,-15.336254164929635,-2.6841378819743853,-3.3865753956790714,0.9540038160901017,-0.7884554513157885,-5.454386417357747,-7.47633052983226,4.553929792829026,0.5339529611514382,-2.8905147869414187,-5.556931181388401,-1.8837697228004244,-0.598347001233893,-2.9397018332439,1.629428083538253,1.9712055449542747,2.505275735399473,2.6478478646028845,1.3545984341557444,0.4164174592947195,0.5184565242991174,-1.0434391896957147,-1.6928240083265902,5290.268198152141,0.23144887158113572,0.5023349756374955,0.14157111942768097,3.09713431586748e-07,4053.533447265625,0.0,1.0,0.0,0.0,0.7667897299621842,883.1930491372253,0.9991325513940262
-367.1434910511492,-33.55748173194252,26.999391123729847,-9.241589594333327,-29.8414719962283,2.7335249994387647,-26.87960945538807,-26.980967639019987,8.171564612818091,-18.8714778615621,-8.646455308254316,-12.916935012070198,-2.6009249722436842,10.101255583650996,5.0170994821503285,-6.995827310101782,4.773231859495893,17.660456286002038,-5.97276256890007,-4.272491075348052,1.0160972709614404,-1.555436548861013,-3.6497943428319424,2.221029299516897,0.6734464299346565,3.2620135210115815,1.4364752396032425,1.3918176007910863,-0.4818943513939544,1.0208022009440967,-1.0768801467153803,-3.0240609661650435,4503.322976799488,0.23292938069635236,0.0847347155213356,0.2744586765766144,6.671210093468582e-08,4010.918212890625,1.0,0.0,0.0,0.0,0.0,624.4443359375,1.0
-393.9363892434048,52.73914505859683,-21.258365507446406,-19.02435432074438,-28.627627004588923,4.908572005891024,-11.13478423619688,-24.77454060727472,-4.4955844682100405,5.446083460468196,10.649621960538795,-7.903867854115794,0.521160367348682,10.665054260507933,-1.9933785294354585,-6.697860738869924,-0.11923578257404499,30.95988158062579,-8.142783095276345,0.8350723913751494,4.083589296254094,-2.4012691541620583,-3.5306029697323176,2.936795936728421,-1.0620768977661703,2.842740857083526,0.3264771491046813,1.427194445491536,-0.6334032602036239,1.0648063544053974,-0.8872309847229163,-3.2875169873841585,2448.6805219654343,0.2719506109960848,0.11064588464796543,0.13567356765270233,-4.733844596502882e-07,76.72276306152344,0.13926754891872406,0.12365448474884033,0.2405613511800766,0.6357840299606323,152.94822126487185,455.1816005124719,0.7484941277540715
-392.321312950667,113.33466133014699,6.901613065463882,9.150850617204032,-3.248764055920274,18.920583916938874,2.2328554078248333,-25.306163287992227,1.4984017370841354,12.446806318079586,-1.0057866685212626,-7.068912564988135,-11.21640013555104,6.99115969237099,12.070114816972977,-18.820274470050137,-4.909072787452678,33.722066997459606,-8.39512618639698,4.675582499196807,5.84518396336642,-2.0488271688697424,-3.5811671536861005,3.1002751660484855,-0.7773831350478576,2.757780750126803,-0.030447251786268614,2.6471786519014833,-1.4066827656669245,0.9403763837615637,-0.2924579904409541,-3.7302434157998205,1475.8135635641036,0.22669944399770606,0.24118755385279655,0.02942836470901966,-6.906549079145994e-07,74.67669677734375,0.08173109591007233,0.09501772373914719,0.34674715995788574,0.5582351684570312,173.2424909434996,585.6150530018128,0.7717061755190452
-391.33814044484376,132.0119209080426,-10.623594906289886,23.486036916476806,23.079795782442677,7.70943821827016,-22.588817674180753,-26.75651185050679,10.15300694628908,12.420524464062993,7.128752343561869,-2.2192333688012775,-17.080990994962683,14.503420487405862,5.635495083784642,-20.183029037339256,-7.816310003023078,28.42030868353827,-6.362618970663022,6.757222409646884,6.739350980508518,-3.3269096205505395,-2.360248188464371,3.382546089121059,-0.1634359903382133,0.45903272344871343,-1.0548990582011581,3.143068703868646,-1.7881970921272485,1.6922123865208976,0.9841881760842157,-3.1072662149176855,1203.4577109568395,0.2090126538468325,0.33138491213321686,0.012807133607566357,-7.195392259280536e-07,69.68484497070312,0.1011086106300354,0.0793234184384346,0.37719470262527466,0.5434818267822266,371.9589054872142,391.264300079192,0.5126472796235609
-380.024117015742,153.3896400135418,-4.59935167549952,23.13745743354583,-2.372136279280751,-2.9708619096318527,-27.279749062896354,-14.779346987728662,8.458500715080167,7.263712960831805,-5.7143998930131525,-8.510218455974373,-5.307675692666942,19.105752933561366,-1.1566329588800617,-26.98047234849752,-10.579095643865369,16.41054782405703,-2.3287971795942637,9.2380758115591,7.688890292058245,-2.416975354019537,-1.6996306613768493,3.5822981531382165,0.49749863848134757,-1.911214326636375,-1.3436811795879393,3.2066242648890504,-1.163849936192361,0.8606689267845066,0.031282175787475455,-1.3012880610784623,1020.4021255251366,0.215294456978183,0.38505617901682854,0.006754640955477953,-8.021537924564593e-07,68.97582244873047,0.0768449455499649,0.08198127895593643,0.38721445202827454,0.5308041572570801,355.0535396415336,341.7469364326852,0.4904516402716758
-389.92568446447643,162.77587208595597,-18.02116011610616,28.632835937199367,13.40403724864718,-10.912131627639091,-32.07841251168956,-5.35205566332101,1.6199772761854174,-5.6056526505285476,-6.1408519174974465,11.562331540435123,-3.481026218465101,12.422153788066002,-0.7229644304812188,-30.79533936832653,-10.561886274318598,6.128845002729654,-0.06731104818800566,9.177494064235798,6.002697425553193,-3.021787190446326,-1.7663518737885224,3.586131566331753,0.8100658069020933,-4.667207127368757,-2.703289581356463,2.3353381163861657,-0.7924066627281237,0.814306047340342,0.18986751674186128,0.030842952394613217,971.9671632868541,0.15214997146924625,0.2737164944410324,0.004166946280747652,-7.790162672569303e-07,68.26973724365234,0.11423925310373306,0.07579261064529419,0.36489495635032654,0.5593124032020569,305.950308231954,204.7828765824991,0.40095862707040614
-434.35222236790963,141.94751743297576,-7.914592915361144,40.16251045016581,19.594957454160056,-7.9673013223693125,-36.29447934158909,-8.326786262840809,4.641484730506084,-1.1078256758227916,-5.245888477973283,15.583351335469915,-14.788922442663,13.128547096208186,6.455379592205172,-27.604615899191334,-10.997259800323924,-1.0824708874507873,-1.6394893288384513,7.825297107712011,3.2516315940361613,-2.801764161595895,-0.7752780006350817,3.475759725343688,0.006787401305934908,-4.9794571365410265,-1.6430296484169378,1.8575401751413705,-0.030497959425711013,0.34459473019995923,-0.211604897674905,1.4342283982463657,1069.786961118492,0.15960973085156635,0.1719832792878151,0.004846353083848953,-7.891259169833135e-07,67.87609100341797,0.08685353398323059,0.09818889200687408,0.38865455985069275,0.5131567120552063,212.31833989529272,175.78780024142603,0.4529374365978879
-449.2842106954826,146.84712418480495,-5.55872942366486,49.21448970790887,28.036762878631784,-12.166985058131694,-25.34498687859422,-5.77720965152594,3.931706144638384,-14.951861057693097,-11.485658632561432,13.011467177166622,-16.204042280818264,18.41706363800315,10.901206035850494,-24.539943527440215,-14.531652477806695,-4.013705717107641,1.343754596491266,6.938371887603475,2.147654080691838,-1.6168516313305348,0.8452467525171845,2.5304993730901306,-0.6750221142573098,-3.8965067539020506,-1.1139662628897258,1.2482463338206506,0.2088653777957114,-0.6622237951247455,0.6947558985042304,2.4368015092398823,977.6425777432452,0.1749064016268773,0.11751601938158274,0.004195638000965118,-7.925769864045398e-07,69.99370574951172,0.06170050427317619,0.1523623913526535,0.4074293375015259,0.44020819664001465,100.90290469847325,171.44188289918299,0.6295030810446779
-463.65671890654187,120.02233543836405,-10.44979934015368,61.35788488590167,33.99066885063852,-2.615102431705831,-20.080351310158626,-1.335296118130503,9.875292151216925,-20.95737409688767,-6.7627605872573895,4.724404510265604,-9.128502069572303,14.648905425213545,0.21237618594836277,-6.088337837533577,-9.144628513203088,-2.511515231842983,0.6144201130354819,5.195998800276896,2.731078645204147,-1.367449088874885,1.1308813037132874,0.564921839620461,-1.415064296442659,-2.897004917252198,-0.7204435515251778,1.0388258015869591,-0.7662547632064461,-1.2832723208858887,1.2753407185084933,2.5982496101934864,1211.01763824081,0.16390844640836913,0.08364430349320173,0.009466598741710186,-7.047875376604585e-07,36.360137939453125,0.07735947519540787,0.0,0.6079443097114563,0.39205557107925415,74.83533704058962,395.1569725297229,0.8407732732712003
-456.3080674279162,135.09899352513918,-10.958094357400427,62.36229129139831,25.51300271733509,-13.07914959793503,-17.2633901326572,-1.0635087704071264,5.437639221690633,-23.72981071879599,-16.39191368645436,4.64247336439135,-10.99902579263042,16.673815555020795,5.212079581156686,-13.449675794614215,0.9243638144916152,-0.24033300449604084,-0.5435825877701063,3.5508249469391093,0.6588177426725628,-1.8796317599689627,1.1094970094965317,-1.0225653774673371,-1.8375342329505748,-0.8439133604138243,-1.9520838744516302,0.5981851734902545,-0.6939860890293577,-1.4289148276352037,1.0036426868103883,1.4202584138008296,1077.6484931914943,0.1887353690561625,0.09824389033019543,0.005651930347084999,-8.062220258061901e-07,79.34881591796875,0.3016010522842407,0.07850924134254456,0.36707231402397156,0.5544182062149048,253.63247492188964,581.0484943163916,0.6961324335052813
-451.89683221507,115.44813281843939,-17.63023611956323,73.11748928283774,21.86122068099703,-7.378604026185509,-18.67344054248676,0.9447433443404728,3.8504106149403743,-18.685203712240675,-6.150349846375033,8.66831461993508,-11.144176224644932,11.261980636348802,5.623055789823228,-14.366779644101996,6.662664795881072,3.2322830609817244,-2.168074692920574,0.6789786781519672,-0.053813039455154955,-1.6446342680652246,0.15549027178764124,-1.9811317863612552,-1.4916096276532413,0.2947678836801184,-2.0489419316876383,1.0928367221249387,-0.5968073896259843,-1.4780699172520069,1.1500315179603833,-0.6428656921325686,1337.5991468928987,0.17196383451778813,0.09741085860878229,0.011235931888222694,-7.006907115329621e-07,39.05643844604492,0.06346344202756882,0.0,0.10322827100753784,0.8967717289924622,508.7641189822292,498.28892056855204,0.4947990830659973
-514.8910755960702,119.58220032681615,16.40815610097215,67.91302005752655,27.46617868914833,-13.492070401790516,-27.825890974103984,-4.484234985841205,0.2664599796039623,-12.54092320026345,-3.7490302229631185,9.79522762589935,-7.226740235233534,7.9469723177153675,9.565295845565878,-7.143177229308272,9.957094945142003,6.091376090877065,-2.757799043513969,-2.877479520629082,-1.1374089586790197,0.01405176930279306,-1.016984974035948,-3.197860808743096,-1.666093254692596,2.045914645570029,-0.4555691365986466,1.303037247116094,-1.6424874358534776,-2.2296876837770663,2.1911522769239853,-1.8883920739181128,1058.4034702558106,0.19184510545128935,0.3558254884555936,0.006633096840232611,-7.428895845917991e-07,39.114112854003906,0.3561956286430359,0.005966584663838148,0.1830778270959854,0.8109554052352905,642.293394204764,581.5929583342985,0.47520176781751955
-412.94123225840434,164.29889032743657,-14.997374307241092,51.85286153524553,27.54524574531127,-21.61395167528262,-24.33683924642165,-12.770574925401949,-11.73327197060383,-20.006731452165308,-16.636124989117455,13.947263314693078,-17.115838859243304,4.582149473711299,12.095726126576434,-15.137334860610103,9.969052084829888,9.545067924560092,-1.6138722859364563,-6.324451362698455,-2.8892960040221833,0.6746113596094613,-0.3268422974668544,-2.8274745285055323,-1.453321393571248,1.8848310189446276,-0.11644324343137702,2.376747440594068,-1.8841608785823918,-3.05268272988465,2.6898517659047654,-2.6444910233598455,862.9192615570598,0.1601006812925068,0.5717480480670929,0.001658658729866147,-8.159337072924587e-07,38.737701416015625,0.11834251880645752,0.0,0.12940840423107147,0.8705917000770569,560.2609784146981,934.3297198274894,0.6251408635998938
-362.25500905180536,157.18335993164533,-30.051146456213914,60.83828055343334,20.64124130752431,-27.01820219203921,-23.51546308478025,-18.57419202687032,-10.323125225654408,-5.863685249355592,-30.900849540933514,22.384317406587833,-16.130362725494443,3.4800064477706973,9.416701165069748,-25.470696637673882,5.372704987964164,9.678983949974409,0.7635886186477078,-8.379760543817994,-4.1329329023612384,2.557424173180519,1.380051812865394,-1.8597899644713853,-0.56927442701647,0.9446102883553752,-0.019395832445615338,2.820750305065362,-1.2166632443818846,-3.4505365844650724,2.328413787256873,-2.2744224584928134,1069.8683165000605,0.1470177082747123,0.8663699254393578,0.0030155775602906942,-7.718617251651619e-07,41.614192962646484,0.09086208045482635,0.0,0.25909820199012756,0.7409016489982605,615.3379204375781,735.3056342499219,0.5444113154044188
-410.3961429444818,164.42050739261583,-26.634175665807394,44.994176972097975,27.068820600373655,-11.89574767016477,-30.565398931641738,-21.873205319257096,5.055540714859115,-6.774982478868463,-19.642662936951567,19.046646527687344,-20.74569594805935,9.375380015179912,17.78925197828014,-33.60166257829283,-2.336654921862577,6.059412360606942,2.486569980999486,-8.90190591884265,-4.115563475159908,3.24550321462636,4.259416262005531,0.503252382015207,0.45064146309093855,0.5716747265331533,0.4226517382599582,1.2451967153738694,0.0526689525583067,-1.8981515457920903,1.4059632615571322,-1.4314941642931382,988.4164722680907,0.14910504475106004,0.4565715193748474,0.002453361637890339,-8.003780883401671e-07,21.00884246826172,0.290208637714386,0.0018193713622167706,0.13031327724456787,0.8678674101829529,428.59558698241244,551.9211976855563,0.5628880671047898
-396.6386476671195,181.6642640017697,-25.89912223580789,24.40324013970595,17.181889124971978,5.532638619580779,-28.194089620975856,-26.157518686160213,-5.668576228423615,-3.5026158873961215,1.21664279365469,11.62468517605398,-28.06987428467353,-2.8062452168431804,26.8653549693166,-26.027681854985595,-10.544491701955318,1.6234741365109397,3.115525561121979,-8.428631953176296,-4.230786335646666,3.665085574863324,6.332395067072847,2.9225852284099423,0.7224019374890004,0.7177942772970836,1.851615937593828,-1.1765672014789785,0.5992340009045114,-0.8020459356368996,-0.043089964201772926,-0.22751378780687662,882.2643389136223,0.1702692073643433,0.5420086225494742,0.0021618064492940903,-8.219390097408101e-07,84.50932312011719,0.16750991344451904,0.11105872690677643,0.3875810503959656,0.5013601779937744,348.35311368778247,416.71683260128003,0.5446780841706649
-417.7823637260514,194.38792426099698,-7.335317307976316,10.790743840587318,-3.9980016297042003,-0.8146684311489656,-11.916588933675893,-9.995443016842593,-1.5500359134108805,-15.479725040681242,-8.181715224028963,26.80251886138139,-17.5611133950034,-14.471248166087605,18.274246709295472,-22.12287732346589,-25.692938510729938,-7.009080650856197,7.828277252583505,-7.616813847776523,-1.3951415958226188,2.2352653216016365,6.343549255448558,2.5718481934300628,0.7332754655122036,0.6941810757133001,3.922714091819856,-2.9436416509700463,2.499432591861657,-0.649820739958054,-1.7670093170856935,1.135132813577306,747.8743170945867,0.15013606345352512,0.37712359614670277,0.0015537980943918228,-8.569994132387885e-07,84.60017395019531,0.026968641206622124,0.10924869030714035,0.4033850431442261,0.4873661398887634,226.88095411794913,291.06692185861334,0.5619618022563033
-461.0658302681737,190.00747308906546,16.837385321656612,6.880503315513424,-11.825323016734963,8.417355791530223,0.11098759845651368,-7.642919017967302,-0.2808273546449216,-19.791856296892817,-16.89052916124852,31.163500180961154,-13.10724028366582,-11.606010478215847,20.576482175604294,-27.69060517022414,-34.34990067489795,-11.155568216467081,8.666554088328805,-5.86200571670132,-0.27818840209873685,1.204295517761128,4.890778278945562,2.0160810839904593,0.30733515463742256,0.9991329843739245,3.6134005309416666,-3.7573004455801797,3.2360149616780927,-0.5027597514895761,-3.56799833644761,2.5063054126403785,710.7488813159458,0.13019178658913796,0.07381509710103273,0.0016032533021643758,-8.564596102226622e-07,82.93215942382812,0.05727872624993324,0.1666990965604782,0.429511696100235,0.403789222240448,56.66552208003566,123.33177711430028,0.6851868203930319
-516.299114651279,132.3556206715452,14.477357125181813,15.003107007468847,6.23285656615673,6.334522723247492,19.224675935851835,11.370807809205942,4.765242784086939,-7.525653538003253,-2.21102753495291,7.582341218536071,-2.7362517422712984,8.552706282468794,11.002691223230158,-16.79660361705634,-36.00869218308707,-15.553076414051274,7.737586621172723,-2.3302094333735095,1.0648425871568605,-0.0984024913133201,4.189845844145099,1.7955655447663172,-0.32948590454656307,0.988270429739379,1.6762721669568972,-3.2473889394573714,3.4547222539634017,0.023414102450972807,-4.631085976688551,2.825910978311721,1024.510025874406,0.19861871299375422,0.028714656829833984,0.00756490882486105,-7.525492542973239e-07,44.06004333496094,0.11956870555877686,0.0,0.27352967858314514,0.7264703512191772,14.011158134528479,34.80989823143832,0.713009935108744
-544.2880735271674,143.98785382059341,12.766010465091592,4.650603557552285,3.9886632584633652,0.03480862072306312,18.013470804173735,12.813429309296861,-4.64115180251636,-1.9945463122069302,3.33598863224773,-9.408148294777742,-11.33062741857317,6.443031184903909,4.037583372027884,-11.07117452650835,-34.65566394457686,-17.29323462662881,4.814279610500465,-0.36725025242742143,1.7029718472187323,-0.3443059469048066,2.1320263794828467,0.6185514109961983,-0.1666841213149611,1.122539251054239,0.46181883089431724,-2.9924020002422256,3.107066402535534,-0.045658698973884165,-4.624776117056114,2.586927266982436,992.439458857795,0.21290853947137417,0.006453806534409523,0.006642613559961319,-7.844018029921494e-07,107.97766876220703,0.10384057462215424,0.11240669339895248,0.47287145256996155,0.414721816778183,3.2528742360865337,15.135273118039443,0.8230994034667312
-592.7522300591697,83.00595123659394,39.07402350567157,-0.8823692461287903,36.77734039730291,-18.21104445052329,7.698392429986294,-18.98422450735616,-6.197408308332902,-8.048223887385737,12.337933046020915,-5.515563270484578,4.030467935344632,-4.776151996810691,-5.409576708974498,-16.89678289213328,-30.45598099129111,-16.391206857299395,2.0272380062661046,0.4070284499568923,2.2263598726334206,-0.49164631555354116,-0.5553277942387032,-0.5911315210412074,-0.4105325531594547,1.636459224038335,0.3224276803738134,-3.3207251716540602,1.644201815690965,0.31786878579347755,-3.5675786488904833,2.7467651770766595,2893.5194379422082,0.31093975207474567,0.0010308818891644478,0.05834582820534706,-3.668443699372732e-07,85.00159454345703,0.14206601679325104,0.12096122652292252,0.3558935523033142,0.5231451988220215,0.6422673517772046,2.465726250975481,0.7933498475645633
-642.2825531779278,85.25703478960666,25.88028053136962,16.138831965940078,13.225923812635394,-3.2556796295236587,-9.740728851774605,-15.326748080179822,0.6340819739728591,7.33568790937713,-3.237633405603428,-0.23207078235870804,1.7518999408907425,-3.8283676285926354,-13.47237769604272,-9.214597303528889,-22.214908799469125,-11.674787727613502,0.23669509775847586,0.8409926463864836,1.316479766024884,-0.6071809574771254,-2.197936703047719,-0.9996058090765942,-0.3165486623471768,1.1091431143492052,-0.5680150353344623,-2.283414651298345,1.3998166340263771,-0.5353376036667361,-3.2426754388000707,2.143342109056182,1882.0743406370943,0.3645778363950695,0.0006833020597696304,0.05762437358498573,-5.678669608016333e-07,30.16701889038086,0.05175698548555374,0.0,0.37319958209991455,0.6268004179000854,0.8319912378371097,1.3225423868119381,0.6138416090059245
-658.003102576374,70.62567442028863,28.40824488371759,22.633373084668087,21.667265809675854,4.013278449352715,4.159156670373388,-3.68249643880689,-1.199974195707815,-8.244731953176949,-6.474326866553532,5.530332589504023,-2.5311366892287213,1.1333748603381977,-5.447101762999525,-10.59071619380482,-15.697960913618788,-6.802642121152082,0.030878920192206283,0.7951949813651733,-1.067607309164251,-0.2782597170335189,-3.001890401593683,-1.3036925796279686,-0.03858607429973039,-0.5202737513670346,-1.7720697321690841,0.18866165590841424,1.1000006461416967,-1.4787158470112727,-2.0751035485765983,1.3238975354237006,2082.390498015836,0.28824453505694025,0.0006056204438209534,0.058805014938116074,-5.001244006437818e-07,116.96835327148438,0.03319411352276802,0.28474387526512146,0.3349498510360718,0.3803061544895172,0.6785287281066914,1.2540431598632793,0.6488985831106974
-626.5864123911807,79.80006849133613,8.836786077949693,9.354719158420131,3.3157718812461847,8.71999875960206,-0.4630740301881744,-10.18328484449723,-6.148176227629261,-5.523901453000119,-3.6003040341031314,1.6650564802437333,-1.8576108076538085,-15.751199826262532,-3.587778513429169,-5.085852812073263,-9.666807622770971,-3.790290114273856,-0.05844032731326465,0.8172463168589241,-1.7223204798595828,1.0489165910836986,-2.09355377920728,0.0007815525159349003,0.3511342805097213,-0.85558260809691,-1.7926767183652574,1.5286789667826388,1.1504172417863239,-0.7643173385604755,-1.2982731228400952,0.43465761336635184,1971.8919527469552,0.27952379723801535,0.0005503939464688301,0.08301092684268951,-5.604599023224605e-07,110.62446594238281,0.07060828804969788,0.25862666964530945,0.4149553179740906,0.3264180123806,0.7223830560135345,1.3669933935714265,0.6542590225150521
-655.1310281279251,76.72305273317812,18.82969082295804,8.3533185670641,8.015055526008668,-6.43310119099689,-5.344650079046609,-2.3954449911876656,-1.6437125102893728,-3.6068221608349145,-9.537913688517703,-2.1525410014801682,-4.708497633035206,-0.31680895371099205,-4.5138507471541764,-1.4420519532997922,-3.752524725150744,0.3755952971071458,-1.62581620771403,-0.4561839978898481,-3.082040777022508,1.143611070576044,-0.8045029093526079,1.5955532107086297,-0.01566036325578074,-0.15838145063240402,-0.9064627572027393,1.3178750460281075,0.5187726339686337,-0.3050370990038986,-0.5601901423747455,0.3293918625927757,2177.827730185042,0.26818739542523473,0.001230529509484768,0.09590034186840057,-4.796256486661803e-07,29.117549896240234,0.11588966101408005,0.0,0.2634184956550598,0.7365814447402954,0.782605172226055,1.1692501296309397,0.5990454971321467
-632.7036395914182,91.79904499734327,21.754618363761026,16.251740958481093,10.699188589264693,-1.0133164293518755,-4.307987079001246,-4.639391494061273,-0.7181871346701582,-4.280028527686596,-11.744378764772812,-4.08463427600973,6.273086495486417,-3.3642043147860456,-12.604180722373712,-11.62556481399849,0.059756506576051714,0.6333382487697522,-0.30413148010068836,-1.278188730991021,-1.056264940243495,-0.07620443710278213,-0.7851108188188222,0.5384627367287846,-0.05876111488848084,-0.5818422457102317,0.23736423082342753,0.8778809596447893,0.6808805721942249,0.184532531882395,-0.09677651003534549,-0.03970851086443604,1629.264293377249,0.2694446428251546,0.0007465807721018791,0.030538184568285942,-6.105856105311793e-07,29.128686904907227,0.14289747178554535,0.0,0.27267947793006897,0.7273206114768982,1.1744449804604844,0.9753200341879531,0.45368681113617076
-658.1914899696817,73.96328629797716,22.582124958774585,15.308362972533377,2.044533349086401,-5.9361704717437185,-4.860479126552322,-4.6752208496998815,0.6629448200850959,-12.621451669580118,-6.453206945329518,4.263837592933458,5.832832985635511,-5.521568270065202,-10.561551711181167,-5.281899462363885,-0.8837822045878585,-0.2658751806887709,-0.346467688565936,-0.8315739874633382,-0.4393538241904217,0.23846221402469198,-1.2263768417580039,-0.48723255506277113,0.5401671277021275,0.9894577075370969,0.5575628972659694,0.4114812902168507,0.5242381578869503,0.37783453638612896,0.11797724190274671,0.5880578476086944,2156.903321806264,0.2722765109659601,0.0006735455244779587,0.0931350588798523,-4.900261835503585e-07,23.998104095458984,0.1352505385875702,0.020137226209044456,0.05051397532224655,0.9293488264083862,0.7998387728200176,0.7023118819727681,0.4675375800236552
-645.718218341215,89.1201511283575,28.715799064559548,8.279808279570005,8.879881529334162,8.052815312895369,-4.31110141556318,-3.5720413011704077,-3.732333308217142,-6.749983826568436,-4.441537764642564,10.034485703969866,2.8576043791573076,-4.332202391953336,-12.239943459714382,-14.34415520323158,-1.178974553162226,-0.8698735311288127,-0.11973225785731949,0.04319095187771771,0.5043624788786912,0.4969664739916026,-0.9219048856449863,-0.6910525598164783,-0.3477795821173717,0.1515207745249832,0.5565964404671266,1.206093157451188,0.6329669098019879,0.6025522702389813,0.3757899505821011,0.10247020838296103,1815.5996540801427,0.27582033030557673,0.0005310652777552605,0.050690826028585434,-5.543246187989496e-07,58.454681396484375,0.11035764217376709,0.03686276823282242,0.45653146505355835,0.5066058039665222,0.7339174484249804,0.9502176309588697,0.5642169933937318
-644.8398515672523,81.07399337379195,12.243743381087349,0.10738815635316179,1.7717725077313342,-2.1301963409102025,-2.9703256267952662,-4.756567563146277,-5.446459076663343,2.0176997819605864,1.6693786793145944,8.623315242539245,4.768119952957037,-8.743109722016065,-9.925428995514974,-9.128216893703788,0.07986989669196332,-1.3588899626482587,-1.0498904277286718,0.17247064243750093,0.28453875098373826,1.3641104907475814,-0.8152020276740878,-1.7368849488538907,-0.7603952392750535,0.4111403250410288,1.3963114672128192,1.291786940231381,0.24975921849750968,-0.8020687569551244,0.5945686615833654,0.5894369520705454,2105.5651022392944,0.28083265220931974,0.0006548166275024414,0.09957557171583176,-4.875114795193834e-07,58.36087417602539,0.31656908988952637,0.027065955102443695,0.5349254012107849,0.4380086660385132,0.6732130113753316,0.8276001151886943,0.5514344861064807
-640.927625400672,82.95076959631501,22.56406942957291,12.659184035368712,11.014145405627943,0.4182189501718509,-14.367308456616513,-9.179931493028871,1.152943119062616,-6.222071013659036,-6.135508923180442,4.827597362070236,1.4977257940915565,1.9386748983429392,-5.7272722080369585,-5.31798636872602,-0.742756464403165,-1.2224102884558399,-1.0544437418015558,-0.1507347588640706,0.8901630631383015,0.7904007512905673,-0.7251799101748023,-0.5342054422070452,-0.19611286025632593,0.6124559794813526,1.5861617016275327,1.592394595150077,-0.7971618511628445,-0.9380538511284503,0.8251263504169081,1.2103923860993755,1949.3015575761094,0.2823993214906146,0.0005510682240128517,0.07641611248254776,-5.434631709494104e-07,58.38248062133789,0.20136643946170807,0.044063057750463486,0.5308756232261658,0.42506131529808044,0.7353842467816679,0.8764880686251314,0.5437701611023241
-662.3958694809606,62.76877402816244,14.468445587246853,13.797362990089823,12.879646577654512,9.398561156190596,-4.9947037781605985,-10.829776040593135,4.0816030363789215,4.9259886836964,-3.638836174704722,0.4129381643822971,-1.0685050361473392,-2.0113632338796137,0.5419069450130836,2.9269817553254334,0.372544786939737,-0.8886041546212101,-0.832647250337988,-0.04677313266683922,1.9415023546902588,1.0594651716375676,0.0015733491900673247,0.2617683264172796,0.9606125127060609,1.518348620098233,1.3883639727969677,0.8149395021806065,-0.7601643717076088,-0.5711572287181574,0.6005013328595549,0.7782633440877297,2344.648275912429,0.2833137548413764,0.0005873069167137146,0.12848006188869476,-4.511701288090599e-07,43.8363037109375,0.0962919145822525,0.0,0.26528552174568176,0.7347143888473511,0.3933099134849706,1.1435494796348413,0.7440820446907932
-638.0483163698179,79.86413548472615,12.49160599838916,11.51607228491785,7.143477577849311,2.633487886615239,-9.996984726659104,-11.9327182768449,-15.067070772070334,-12.339464588422816,-4.510746889413185,12.286359236173269,7.56075700057716,-7.288054306128126,-5.340232459908027,-9.017784832599029,-0.35798222344773745,-1.1905132962290437,-0.7128991308822406,-0.013814414426335127,1.3847945419872896,-0.21441665193553067,0.47353709547795964,0.5846146224302005,1.078075269621171,0.27440980813170357,0.9477405898033728,0.5864705157226199,-0.31957558803006614,-0.4963592497051893,0.3317564325295218,0.8359846579653271,1967.7999319127898,0.27674104116124654,0.000551275908946991,0.0739983469247818,-5.207292697158734e-07,60.02279281616211,0.18492302298545837,0.06429318338632584,0.4892461895942688,0.4464606046676636,0.6808152610032833,0.8985091036588871,0.5689199278902312
-649.0199305732422,72.43048694583509,15.623365775567395,14.152785761071147,8.998797465968774,5.534736209955208,-10.724768172347055,-18.499473993497055,-5.218626586331894,-0.30083861953293023,4.99784181747693,8.173189767603779,1.8627764227672459,-12.727774655198157,-8.223179161269446,-0.9173154757622626,-0.4278456255193055,-0.2882159073703491,0.014804116989184615,-0.30226000935896763,1.7019072958188144,0.4791365176992158,0.5702373575601122,0.6113671781290947,0.7248608013130559,-0.31835000014985615,0.09494049296491777,0.003003039330163257,-0.8922090622107227,-0.4607042193425733,0.26133131259064524,0.7604471230279193,2091.412259924982,0.2724005668079707,0.0006766188889741898,0.08402828127145767,-5.26905811252255e-07,23.64718246459961,0.09502493590116501,0.010438671335577965,0.11400685459375381,0.8755545020103455,0.43298504413799427,1.1614220374660096,0.7284350721132001
-650.1696026120668,83.8168028428353,18.712952605688407,9.81677677300862,16.927169906939064,2.066989167597301,-7.438432753887934,3.414357337879895,4.036651719963729,-2.265980467508464,4.821418463425481,17.79592802367622,-3.599218913238884,-12.2353679578098,-8.047754363589078,-2.4201018600326627,-0.30370272739459453,0.5739263846680663,0.3794321778211759,-0.0664501864130027,1.4976352094231151,0.09097410357988404,0.4548681116924499,0.7512972376336375,0.025545473686918008,-0.7802327653903268,-0.09810802907959018,-0.8509871991412066,-0.8719843808223328,-0.8194166161580719,-0.24305407679883928,0.8870744199220252,1907.5471324593918,0.28369460698653715,0.0007945001125335693,0.06324225664138794,-5.695150212947501e-07,28.795438766479492,0.09808807075023651,0.0,0.3192633092403412,0.6807366609573364,0.8470176871156552,0.9098885838651798,0.5178925016627168
-647.8945677171654,69.70514693467632,18.42285570841404,6.717118747705548,22.485756864062537,10.058893202249791,0.29325995532879645,1.571154978400982,13.186480967157863,9.479392707036096,5.3546133980509785,9.027220654804761,-0.7901011572079784,-3.8625377587364,-5.646058394536821,-5.731490401449644,0.3084784142386509,1.3228890062513141,1.385028038955008,0.07460752950819997,0.437821753177856,-0.9905626918889919,-0.2128505876493021,1.1416581545154822,0.21818947792240864,-1.5737497971457106,-0.9811197208845415,-1.3933876392909896,-0.1658928487811289,-0.04461287645399255,-1.20689801297473,-0.4965610884519208,2163.667729261215,0.28200147543938814,0.0005090544000267982,0.07901039719581604,-4.7222591287832e-07,20.092714309692383,0.05902118235826492,0.018029706552624702,0.088349848985672,0.893620491027832,0.7261941164028388,1.0453899175632255,0.5900876828421736
-647.5199107017285,76.94064166158027,15.02480622069304,4.447642058095405,12.130011419160972,-4.163680495661468,-1.687655922804512,-3.928333798106251,-0.6527061915383368,-8.901444845667472,-0.6269881479926396,10.10438614900166,4.048288380266654,-5.671895826584916,-7.121612318158478,-4.839798149517039,-0.23438019434755086,0.47446697654496095,1.2966585746262564,0.836633982092605,0.47709177671959957,-0.4481668406046778,-0.11574330674619435,0.6745822878563797,0.2606040452464239,-1.4410463533966476,-1.7022124149776219,-1.973535407443962,0.26323169128040114,1.2582049180129402,-0.10171262340214379,-0.021035450491869973,2207.072186026441,0.29450450273987716,0.000605730339884758,0.09412885457277298,-4.774896991885294e-07,24.597917556762695,0.06628900021314621,0.0,0.0,1.0,0.870194652693193,0.9684218376708817,0.5267122549733682
-650.533651295585,76.80199742150354,14.587710830176615,5.697090498093076,19.214504209387318,8.304734665677907,-7.21012452369008,-9.561992575580085,-2.5476796624147817,-5.543092888179365,-7.867670632190011,-0.9737641997938467,-7.877145880850792,-7.78332929310996,-1.1888410783689398,4.599664122554211,0.8143449150823174,0.9098825490586844,0.9134130329917114,1.076708447528672,-0.20111194865881804,-0.6987483686470884,-0.5618263689473553,-0.0997855897612055,-1.3989783970161593,-2.4149865204602556,-1.5149525255736662,-1.4546661944328514,0.8528960839512643,0.9443061248471499,-0.5801972947535431,-0.7003441937318406,2116.556980283349,0.2864595751854655,0.0006966851651668549,0.08553154021501541,-4.68246726467012e-07,109.19525909423828,0.1710672378540039,0.23573434352874756,0.35916367173194885,0.40510207414627075,0.7886734849422992,1.2452112787753522,0.6122329548795495
-649.9253734986867,83.17782973569281,26.199630570329624,23.130767474923857,22.86252355299579,4.870745314819337,-12.791892655928915,-7.8811600096279335,-5.300371930176777,-14.23781901862704,-6.466575782114113,-6.019705030130192,-4.056105579566782,-9.047988263492423,-7.82861260504096,5.848168544563621,1.6232170319102435,0.3725249628940336,0.6932060986716095,0.9721189038685535,-0.3062742694488678,-0.5093397268930918,-1.3080571675418484,-2.148102925776324,-1.6941143920889663,-1.526887486883845,-0.9782937083033236,-2.008517417123753,0.1839954928091166,0.07462019470486436,-0.4894846780599085,-0.5479751120720473,1738.84045501715,0.2797756779596516,0.0006539039313793182,0.03977387025952339,-5.910084575032132e-07,107.92977905273438,0.16655083000659943,0.23013338446617126,0.3502177596092224,0.41964882612228394,0.6059725998102208,1.5269312145055751,0.7158931426053978
-648.7664630371426,79.66012349118668,26.402711811560856,11.775585850425658,3.7491246441977406,-6.965154105344013,-9.286297678047115,0.6233596517644232,-0.13371291028815735,-12.976499221973112,-9.093902440759141,-0.2619657728874938,8.113833495676321,-5.473696626516601,-19.44398269356607,-17.82446533111251,1.6232170319102093,0.37252496289403386,0.6932060986716098,0.9721189038685534,-0.3062742694488663,-0.5093397268930914,-1.3080571675418475,-2.1481029257763233,-1.6941143920889654,-1.5268874868838442,-0.9782937083033234,-2.0085174171237523,0.18399549280911656,0.07462019470486438,-0.48948467805990814,-0.5479751120720469,2056.4393324268167,0.2730841040160456,0.0006701955571770668,0.07306383550167084,-4.985241730565938e-07,58.81113052368164,0.04807218536734581,0.0,0.5042988657951355,0.4957011044025421,0.6357571121663614,1.0690843823938803,0.627087260490247
-641.2164635991911,80.1041866557513,21.07242232802665,19.446493660736536,16.08724518561202,4.322564574551444,-8.259411127801762,-7.725063630696132,-6.369643367943364,-14.706873763179233,-10.525556790070407,3.417757520435162,8.821144079176023,5.530968978989508,0.32580562996625684,-3.3698780317634975,1.6232170319102093,0.37252496289403386,0.6932060986716098,0.9721189038685534,-0.3062742694488663,-0.5093397268930914,-1.3080571675418475,-2.1481029257763233,-1.6941143920889654,-1.5268874868838442,-0.9782937083033234,-2.0085174171237523,0.18399549280911656,0.07462019470486438,-0.48948467805990814,-0.5479751120720469,1934.6771793681307,0.2731445113311652,0.0007748696953058243,0.06586902588605881,-5.458994821269234e-07,0.0,0.0,0.0,0.0,0.0,0.0,0.0,0.0
-642.4822977474361,82.32640202524503,20.771324839706825,15.881109902638114,13.297249853555485,-0.3847536737900181,-10.970591926152952,-10.179587897284415,-10.576567852261336,-14.632926946939179,2.4679402019292884,5.812440737170897,2.915076601241231,-10.238332941973415,-16.130596356503847,-7.335650461630475,1.6232170319102093,0.37252496289403386,0.6932060986716098,0.9721189038685534,-0.3062742694488663,-0.5093397268930914,-1.3080571675418475,-2.1481029257763233,-1.6941143920889654,-1.5268874868838442,-0.9782937083033234,-2.0085174171237523,0.18399549280911656,0.07462019470486438,-0.48948467805990814,-0.5479751120720469,1862.417871078651,0.2714575075716054,0.0008279848843812943,0.054909784346818924,-5.557824935216327e-07,0.0,0.0,0.0,0.0,0.0,0.0,0.0,0.0
